5781
253 828 253 900
30 600 751 600
312 442 312 629
264 792 597 792
400 200 400 200
72 655 72 864
726 99 726 956
105 20 960 20
125 750 401 750
0 284 909 284
390 843 390 858
880 540 880 752
228 441 228 722
561 528 886 528
90 630 651 630
485 638 899 638
60 870 755 870
284 284 284 894
245 0 829 0
140 66 198 66
381 348 464 348
150 975 971 975
395 500 875 500
750 800 750 994
25 675 25 692
800 20 926 20
161 207 523 207
497 213 921 213
265 444 888 444
891 171 891 918
75 180 75 650
544 665 875 665
996 0 996 168
91 572 176 572
529 365 529 552
440 572 440 1000
585 360 585 679
700 550 818 550
263 232 812 232
393 426 994 426
220 275 220 293
660 110 729 110
621 510 720 510
348 348 348 807
203 0 203 791
0 710 0 731
186 434 679 434
166 560 756 560
385 665 660 665
495 84 495 675
50 500 243 500
124 388 124 527
1000 125 1000 480
420 588 420 644
200 500 363 500
672 63 672 324
0 300 609 300
340 640 360 640
850 38 850 525
82 205 82 794
722 722 722 727
43 650 425 650
138 374 138 529
353 700 475 700
884 888 984 888
66 76 66 946
200 760 200 908
377 638 377 669
308 250 308 506
373 350 650 350
777 331 777 555
35 574 35 875
884 104 884 276
108 600 450 600
0 60 902 60
345 600 980 600
333 0 333 439
0 164 0 320
300 798 924 798
256 715 256 864
512 111 666 111
150 800 658 800
93 260 676 260
296 444 989 444
215 645 352 645
157 0 200 0
608 76 940 76
641 884 780 884
0 125 0 628
616 632 616 728
754 261 754 507
708 783 729 783
750 500 859 500
164 820 221 820
319 203 346 203
987 105 987 818
0 327 0 664
491 440 924 440
728 341 961 341
2 304 152 304
989 86 989 383
417 608 570 608
798 646 920 646
257 76 988 76
141 529 141 752
575 36 575 425
37 185 938 185
900 387 900 500
352 274 352 512
686 374 918 374
390 870 390 910
0 259 0 732
375 625 600 625
140 476 140 854
314 0 1000 0
664 0 664 420
81 81 842 81
166 498 166 870
897 92 921 92
900 270 903 270
550 88 550 427
561 33 561 207
222 777 575 777
360 495 360 720
312 780 312 797
0 540 267 540
120 360 235 360
323 627 858 627
800 400 800 869
522 812 522 909
404 253 897 253
243 936 858 936
616 532 616 600
759 799 759 990
371 830 830 830
615 0 615 483
756 259 756 504
297 317 297 351
386 387 817 387
152 912 251 912
279 375 875 375
130 52 130 847
333 0 333 541
720 120 929 120
498 289 498 996
800 400 800 513
114 336 114 380
180 900 668 900
812 696 812 860
81 378 81 510
344 298 344 946
100 250 276 250
168 696 728 696
224 644 797 644
950 303 950 400
0 272 0 754
189 287 287 287
850 431 850 475
280 680 280 911
411 320 880 320
710 611 799 611
990 563 990 924
242 34 242 616
163 522 290 522
715 996 996 996
738 375 738 861
921 222 962 222
31 217 682 217
996 498 996 726
408 660 660 660
232 33 232 58
490 700 945 700
231 210 231 327
52 52 52 287
81 54 912 54
836 735 875 735
600 234 600 600
272 427 272 476
325 875 545 875
226 442 884 442
186 280 880 280
407 740 599 740
400 0 875 0
864 96 864 204
213 385 213 852
799 517 927 517
21 220 21 840
86 720 500 720
945 529 945 777
416 0 740 0
147 21 147 25
140 180 900 180
660 330 660 614
612 578 648 578
666 407 666 653
616 837 864 837
368 575 368 724
693 528 693 800
189 347 189 378
434 434 535 434
22 141 987 141
329 47 329 910
559 620 559 946
360 80 360 905
110 286 628 286
243 108 243 1000
216 355 284 355
330 30 330 757
363 396 363 702
94 893 931 893
812 56 812 567
880 618 880 940
27 459 479 459
666 222 666 899
777 282 987 282
533 41 917 41
0 806 33 806
232 0 518 0
180 900 455 900
0 137 0 189
996 200 996 498
664 140 664 332
568 426 793 426
180 60 716 60
925 362 925 900
400 416 400 600
123 416 384 416
222 400 920 400
122 300 760 300
170 170 851 170
180 90 180 520
760 417 760 860
74 259 893 259
24 966 210 966
459 685 459 837
385 605 528 605
228 0 577 0
200 75 510 75
168 200 200 200
440 398 440 990
308 625 308 968
170 748 170 755
66 616 66 635
992 743 992 806
207 136 442 136
172 928 768 928
0 124 284 124
456 366 456 456
810 315 960 315
789 290 841 290
864 27 864 697
495 0 587 0
7 0 480 0
400 500 400 735
920 495 920 680
531 710 852 710
700 350 700 400
528 483 966 483
639 497 639 590
25 550 25 982
486 54 486 142
481 74 481 441
467 272 476 272
495 470 495 561
100 460 131 460
800 20 800 850
480 270 480 775
192 297 192 552
78 760 80 760
722 76 722 76
278 943 391 943
396 945 396 957
150 315 966 315
580 300 580 974
260 42 260 580
232 580 548 580
144 456 865 456
294 0 333 0
1000 274 1000 600
270 1000 900 1000
858 616 912 616
568 142 684 142
235 218 235 752
832 423 832 884
435 296 444 296
420 630 420 899
245 533 902 533
750 613 750 625
520 822 520 920
0 498 0 902
1000 0 1000 672
760 260 760 746
125 175 125 954
937 676 988 676
576 220 576 992
666 444 666 461
475 475 739 475
851 690 851 777
106 418 342 418
105 0 153 0
600 100 600 769
550 420 550 550
440 572 440 621
200 0 200 367
306 264 576 264
275 55 862 55
115 980 840 980
858 308 858 471
388 725 522 725
92 320 340 320
497 588 497 639
287 340 440 340
90 337 90 930
146 880 814 880
233 575 725 575
708 0 924 0
189 52 572 52
647 676 806 676
140 160 140 896
336 697 902 697
400 975 755 975
248 483 248 620
850 158 850 600
226 414 391 414
442 106 442 578
568 601 568 852
496 465 509 465
509 664 747 664
264 837 264 924
777 207 777 840
346 125 375 125
125 500 598 500
675 375 675 768
245 223 245 910
231 966 757 966
426 407 426 497
700 24 700 950
465 980 880 980
1000 100 1000 123
289 600 800 600
564 376 564 796
216 780 280 780
219 609 966 609
415 581 415 987
380 595 380 840
280 520 280 569
988 414 988 760
250 150 250 582
100 700 701 700
220 60 220 958
416 544 416 963
799 47 799 236
0 855 303 855
700 60 780 60
600 0 622 0
175 500 1000 500
441 358 441 588
219 650 800 650
0 915 0 996
24 852 426 852
986 174 986 777
245 1000 600 1000
0 0 140 0
42 840 485 840
874 1 874 828
29 568 142 568
672 856 672 864
460 330 726 330
94 111 444 111
90 135 90 652
238 840 945 840
57 860 100 860
0 568 0 814
221 781 994 781
540 378 540 589
533 369 685 369
700 400 700 428
968 288 968 418
266 131 266 266
861 123 918 123
996 664 996 959
750 250 750 678
141 768 600 768
190 122 190 988
702 648 702 935
476 336 476 757
340 0 340 883
233 629 333 629
292 162 378 162
150 19 150 750
760 412 760 912
171 540 620 540
777 219 777 555
43 238 43 860
324 108 556 108
638 232 854 232
222 750 375 750
292 111 481 111
201 945 588 945
221 527 620 527
232 626 232 928
548 800 800 800
471 364 896 364
884 340 884 435
408 238 466 238
606 540 840 540
660 308 660 924
165 664 498 664
462 66 462 170
930 3 930 434
173 891 486 891
350 35 350 780
186 186 186 504
588 616 986 616
160 850 510 850
270 699 270 900
456 264 456 915
192 480 678 480
300 150 300 600
374 339 374 510
929 672 945 672
774 864 783 864
580 986 805 986
321 86 602 86
444 666 793 666
200 850 887 850
851 577 851 851
217 638 220 638
375 500 375 620
300 425 300 866
806 341 806 849
496 372 496 827
246 205 246 705
462 198 462 309
83 332 83 345
736 0 736 950
500 414 500 625
180 450 180 737
880 46 880 572
625 8 625 375
671 83 913 83
166 332 414 332
96 247 96 336
288 92 288 640
0 884 132 884
70 210 70 978
575 870 780 870
440 145 841 145
506 0 928 0
520 728 644 728
324 999 471 999
0 142 58 142
198 726 198 990
264 561 396 561
322 184 322 232
186 576 186 992
920 9 920 736
600 536 600 1000
711 783 999 783
600 800 600 983
333 924 594 924
900 54 900 800
556 602 817 602
984 919 984 984
517 470 607 470
441 672 441 717
82 200 82 943
825 503 825 625
494 660 780 660
289 50 925 50
799 283 799 893
780 150 780 702
726 0 726 161
90 675 90 848
656 246 656 386
837 217 837 270
180 990 443 990
94 355 568 355
422 0 675 0
330 55 830 55
326 738 820 738
648 55 990 55
814 315 814 740
252 63 252 137
812 924 951 924
710 284 710 645
17 990 600 990
754 617 754 812
88 44 312 44
160 470 160 800
125 40 800 40
76 168 76 228
968 32 968 132
142 536 142 710
100 200 100 786
546 105 791 105
406 174 406 219
406 261 781 261
968 308 968 711
165 385 165 504
0 585 0 875
651 315 793 315
961 62 961 815
720 242 720 450
205 21 651 21
284 165 284 710
645 100 700 100
888 444 888 748
308 770 574 770
616 392 616 682
840 168 840 438
186 868 911 868
383 186 930 186
350 450 507 450
988 627 988 988
14 700 475 700
4 961 806 961
86 990 720 990
213 688 213 994
468 710 468 884
735 223 735 875
12 836 532 836
666 40 666 222
320 800 695 800
809 322 920 322
988 74 988 912
152 96 152 988
484 506 927 506
160 165 495 165
444 666 444 905
434 281 434 930
425 50 425 557
800 1000 926 1000
426 568 426 860
660 373 660 440
280 728 349 728
805 0 805 601
800 450 937 450
748 136 778 136
232 116 300 116
692 156 988 156
994 710 994 901
212 750 375 750
675 387 675 567
693 290 693 777
0 480 592 480
62 93 395 93
497 994 727 994
375 950 547 950
630 0 630 676
480 568 480 860
613 1000 900 1000
560 385 560 954
0 371 0 800
682 248 682 968
442 113 442 884
522 232 522 900
27 297 27 389
181 935 330 935
598 69 598 793
120 160 460 160
166 498 999 498
47 47 47 965
350 608 480 608
760 152 760 689
92 288 92 690
240 576 719 576
124 0 561 0
396 484 590 484
35 341 62 341
122 45 990 45
370 275 370 851
332 332 332 835
518 255 518 814
80 880 492 880
18 125 125 125
255 567 729 567
810 870 972 870
255 200 800 200
688 688 688 976
874 351 874 418
120 900 127 900
120 120 120 199
304 760 953 760
232 720 360 720
825 343 825 400
200 103 200 300
920 700 920 940
703 703 703 849
70 350 833 350
100 800 204 800
284 142 284 926
666 444 872 444
492 812 756 812
999 333 999 729
841 498 996 498
150 60 977 60
770 726 770 858
925 100 925 984
24 816 94 816
912 24 912 758
726 372 744 372
920 401 920 414
352 590 352 864
0 498 143 498
806 230 806 806
675 860 675 972
697 902 697 940
432 581 432 729
836 220 836 794
426 639 580 639
329 94 945 94
987 423 987 617
336 481 336 728
139 273 273 273
239 37 407 37
332 249 725 249
744 744 755 744
600 257 600 400
123 220 123 943
450 720 958 720
170 578 903 578
576 774 946 774
480 880 480 940
0 400 587 400
946 198 946 854
132 748 298 748
48 0 664 0
672 694 672 928
0 284 752 284
408 736 416 736
529 644 952 644
178 550 750 550
324 484 528 484
166 964 166 996
191 750 500 750
728 252 728 889
384 928 471 928
275 1000 880 1000
208 962 520 962
407 348 957 348
165 273 165 990
851 628 851 925
265 814 330 814
0 471 0 630
111 258 111 888
404 440 770 440
310 403 310 426
200 496 200 1000
186 116 186 310
625 64 800 64
696 0 888 0
280 160 616 160
111 434 111 999
27 26 27 783
754 116 754 635
444 444 633 444
650 50 650 883
275 103 275 220
630 0 630 57
140 320 529 320
155 35 700 35
35 105 35 747
330 264 959 264
702 783 875 783
525 358 525 945
594 581 594 594
315 756 471 756
464 696 985 696
540 270 540 417
387 258 387 377
160 320 226 320
754 650 1000 650
166 532 304 532
850 285 850 578
275 830 275 900
567 192 567 378
125 200 125 471
228 152 768 152
55 598 253 598
900 45 900 656
6 92 644 92
705 336 896 336
660 0 660 733
62 186 62 868
108 675 108 996
142 16 142 426
175 675 405 675
332 128 332 664
642 290 841 290
836 139 836 770
0 940 591 940
870 270 870 348
162 567 162 667
39 625 750 625
451 846 564 846
684 283 684 988
640 775 806 775
452 672 861 672
330 660 330 696
79 0 123 0
780 277 780 690
312 41 410 41
484 100 484 528
94 658 307 658
90 270 90 306
710 437 710 781
250 593 250 625
770 22 770 595
44 224 128 224
726 168 726 264
400 800 719 800
135 152 950 152
780 120 780 527
697 205 697 919
316 777 333 777
129 434 186 434
451 369 451 978
529 184 529 521
156 250 350 250
860 86 860 941
188 470 961 470
326 550 550 550
0 177 0 360
874 368 874 996
96 235 423 235
644 512 644 644
41 78 41 123
396 125 1000 125
0 522 479 522
777 111 777 111
440 220 440 514
465 222 999 222
212 870 600 870
79 242 638 242
174 629 174 696
594 35 594 660
450 320 450 650
748 468 748 986
893 235 935 235
46 736 46 772
216 165 935 165
51 986 87 986
625 625 860 625
638 902 883 902
950 600 950 918
382 210 735 210
125 750 212 750
233 400 240 400
500 975 571 975
579 744 840 744
492 588 714 588
810 98 810 720
284 556 284 994
640 680 640 989
120 945 351 945
233 522 870 522
450 43 450 810
186 558 186 558
608 235 608 448
799 678 799 893
660 140 660 910
630 450 630 720
241 250 375 250
328 738 328 902
62 628 62 682
496 860 580 860
135 587 135 990
26 260 141 260
212 384 480 384
460 299 527 299
444 444 444 963
200 600 200 827
52 837 972 837
552 426 852 426
999 242 999 259
752 141 752 795
546 260 546 899
616 836 792 836
884 423 940 423
852 71 852 917
493 999 703 999
142 284 142 597
594 290 594 594
0 500 0 626
462 231 850 231
315 555 333 555
805 230 805 690
780 60 780 350
461 481 814 481
22 453 22 594
870 524 870 986
696 348 873 348
42 525 300 525
112 126 546 126
31 71 284 71
540 621 906 621
193 54 756 54
715 768 960 768
145 174 145 456
232 625 375 625
750 210 750 477
640 302 640 680
166 332 166 923
551 145 551 538
200 400 995 400
106 666 666 666
140 595 140 836
754 0 754 973
377 757 377 870
396 924 472 924
270 657 270 660
588 825 825 825
630 150 630 558
729 351 729 662
666 205 666 333
575 375 575 895
284 994 902 994
425 820 425 875
175 310 961 310
363 396 363 739
93 837 278 837
32 858 78 858
234 208 234 560
0 0 912 0
0 950 251 950
555 586 555 666
597 235 893 235
800 410 800 1000
928 301 928 580
0 249 793 249
811 328 902 328
213 460 736 460
111 74 111 727
605 93 605 660
0 325 0 839
994 344 994 852
380 114 380 926
630 90 630 874
248 900 250 900
449 740 760 740
360 462 990 462
197 945 891 945
460 92 460 331
56 196 56 727
55 220 922 220
696 667 887 667
290 910 385 910
217 222 555 222
14 928 64 928
496 229 496 868
516 602 855 602
759 138 759 559
0 148 981 148
555 0 724 0
505 189 966 189
243 864 769 864
0 324 0 947
111 70 111 111
189 711 189 798
172 43 172 646
696 986 737 986
231 259 231 987
168 252 168 348
440 640 954 640
864 350 975 350
169 880 330 880
832 258 832 780
810 0 810 763
0 58 348 58
451 41 451 285
297 600 540 600
544 864 777 864
994 923 994 934
423 40 640 40
260 572 260 945
475 200 1000 200
676 599 676 676
202 450 270 450
540 180 540 734
408 306 408 414
710 0 710 664
100 39 100 650
624 264 624 598
360 166 498 166
641 702 864 702
996 332 996 435
0 885 0 913
8 132 902 132
147 60 340 60
102 0 102 986
517 850 900 850
650 75 650 950
247 928 638 928
64 576 202 576
980 320 980 435
520 85 520 416
746 180 940 180
413 510 578 510
681 784 952 784
195 650 200 650
781 0 781 227
420 180 420 971
247 498 332 498
400 175 986 175
0 885 0 1000
812 145 876 145
420 495 420 595
333 557 333 666
580 404 580 580
513 482 513 567
640 40 640 661
144 744 597 744
250 250 991 250
374 884 374 902
51 924 66 924
136 541 136 782
1000 800 1000 849
675 609 675 900
685 800 760 800
44 462 905 462
806 310 911 310
570 810 570 818
0 333 654 333
770 0 770 766
889 480 928 480
270 270 270 886
119 830 830 830
136 374 136 913
687 924 704 924
142 0 142 469
216 189 454 189
800 300 800 698
60 260 358 260
648 350 648 756
42 504 519 504
840 910 840 950
180 235 180 720
196 168 978 168
110 775 713 775
200 555 851 555
258 559 951 559
423 127 423 282
166 184 166 996
564 0 564 149
460 520 460 574
625 251 625 1000
97 728 884 728
964 486 972 486
935 110 935 693
363 693 681 693
152 306 748 306
104 362 104 572
320 423 320 580
540 781 540 990
816 69 816 912
34 204 712 204
637 1000 1000 1000
275 50 275 355
180 415 180 990
129 860 630 860
594 189 594 583
222 222 222 699
253 115 253 547
132 1000 400 1000
286 286 286 395
100 595 100 960
63 272 63 987
468 184 805 184
145 493 713 493
320 800 487 800
15 200 400 200
2 248 589 248
137 924 858 924
442 129 442 850
41 287 334 287
0 840 445 840
470 281 470 705
0 498 861 498
469 120 580 120
306 66 528 66
32 768 321 768
57 560 320 560
646 952 820 952
42 819 55 819
181 966 315 966
600 132 600 900
423 94 423 807
90 630 768 630
228 76 228 814
385 118 385 605
564 329 564 775
475 200 533 200
330 315 525 315
243 361 243 837
456 418 801 418
324 405 485 405
568 382 568 426
624 425 624 572
189 216 189 391
132 720 810 720
770 330 991 330
0 996 552 996
310 434 329 434
986 126 986 696
600 128 600 160
602 301 602 888
372 113 372 744
332 664 543 664
498 332 573 332
910 598 910 878
197 175 490 175
66 484 97 484
166 580 780 580
331 855 495 855
617 200 1000 200
243 54 549 54
440 350 440 580
222 444 222 567
544 680 688 680
364 312 734 312
441 652 441 924
378 486 474 486
375 397 375 500
672 153 672 924
920 69 920 305
387 462 660 462
341 160 920 160
660 198 660 396
22 352 22 974
781 330 781 923
460 523 460 897
435 132 435 551
676 0 676 610
95 198 858 198
200 840 424 840
115 83 830 83
332 398 332 664
861 697 883 697
74 760 360 760
111 592 111 793
988 140 988 380
528 635 528 770
160 925 296 925
896 32 896 101
300 640 383 640
497 497 763 497
527 313 527 713
880 323 880 550
360 480 360 954
64 560 64 576
128 960 800 960
236 300 550 300
525 4 525 245
123 30 123 574
628 156 988 156
600 58 600 475
651 499 651 924
923 229 923 994
830 480 830 830
152 125 152 912
562 437 690 437
820 100 820 877
270 990 469 990
772 875 1000 875
728 442 728 980
273 943 391 943
810 477 810 540
73 496 744 496
315 140 326 140
608 912 715 912
64 320 77 320
175 489 175 575
493 725 493 846
621 290 621 810
728 411 728 416
438 110 880 110
444 235 658 235
462 396 462 828
304 912 754 912
134 363 825 363
41 205 41 715
320 720 469 720
858 154 858 819
102 188 470 188
216 170 216 378
419 0 775 0
333 111 561 111
275 366 275 675
684 114 761 114
630 190 630 990
925 482 925 999
90 93 90 540
90 390 90 479
189 645 189 882
960 788 960 896
380 304 380 772
160 0 270 0
253 874 990 874
580 377 580 638
157 148 370 148
484 176 484 937
444 48 444 666
196 109 196 448
105 546 105 797
152 76 152 493
521 625 875 625
0 171 0 900
728 364 728 623
740 460 740 940
870 319 870 920
385 840 669 840
572 260 790 260
883 364 884 364
0 360 192 360
29 768 736 768
645 438 645 774
70 96 888 96
370 625 875 625
200 900 971 900
99 600 950 600
68 884 111 884
600 360 600 501
673 450 900 450
351 783 588 783
78 755 78 806
222 444 222 632
650 115 650 450
630 405 791 405
757 680 880 680
14 378 810 378
180 90 858 90
279 279 922 279
510 306 613 306
190 380 837 380
731 0 1000 0
266 832 544 832
429 319 429 891
376 994 710 994
125 875 961 875
768 320 768 340
196 252 196 881
630 90 630 406
430 258 430 407
131 986 918 986
249 400 800 400
960 448 960 640
529 189 529 805
27 345 27 729
347 310 930 310
684 960 750 960
580 500 701 500
0 200 480 200
912 0 912 36
480 391 480 940
462 59 462 825
40 280 620 280
750 250 750 626
616 0 755 0
69 747 996 747
962 777 962 897
420 640 574 640
627 549 627 561
738 650 738 943
155 806 689 806
996 983 996 996
731 215 731 704
364 250 1000 250
832 78 832 780
675 486 675 783
561 722 684 722
303 460 440 460
126 147 290 147
272 83 581 83
22 520 728 520
602 743 602 817
527 417 527 744
290 290 978 290
249 996 551 996
560 616 560 902
350 200 520 200
153 372 744 372
800 174 800 800
282 329 282 584
0 66 0 975
40 940 300 940
814 413 814 555
418 704 476 704
270 360 270 993
992 105 992 310
364 514 364 598
293 572 484 572
966 252 966 835
324 639 781 639
571 280 735 280
228 532 586 532
120 360 313 360
63 147 63 821
255 0 930 0
754 376 754 928
0 142 0 836
362 996 498 996
740 500 740 572
0 888 912 888
207 368 431 368
814 374 814 464
222 74 593 74
0 814 646 814
280 520 325 520
62 0 980 0
396 726 396 727
405 513 884 513
520 312 520 426
192 220 440 220
210 735 228 735
9 208 936 208
99 561 99 714
400 71 400 800
299 161 478 161
208 0 380 0
157 540 560 540
80 660 643 660
47 82 47 987
473 215 473 758
46 760 360 760
585 285 585 315
284 0 284 975
782 0 782 352
596 620 682 620
432 264 976 264
175 975 605 975
107 250 750 250
689 0 990 0
0 850 702 850
200 600 805 600
588 651 990 651
780 750 983 750
565 0 1000 0
90 796 90 990
93 558 93 846
630 585 630 776
370 172 370 259
463 300 1000 300
900 375 900 842
660 660 660 772
264 237 264 561
460 880 976 880
726 132 726 584
0 266 811 266
250 348 250 850
158 850 675 850
319 832 728 832
440 580 947 580
66 133 66 462
152 805 152 950
518 847 518 962
220 682 220 980
900 195 900 440
375 500 626 500
810 0 810 788
568 142 568 223
376 117 376 235
166 996 555 996
372 124 513 124
806 144 806 468
18 512 608 512
440 180 585 180
205 82 703 82
684 608 684 625
444 333 444 492
71 284 247 284
284 142 284 306
443 280 480 280
760 257 760 456
988 208 988 901
940 175 940 500
124 227 124 651
200 787 200 800
369 287 369 832
423 611 471 611
264 100 460 100
319 600 720 600
468 812 696 812
837 162 918 162
700 952 700 963
52 213 52 312
426 142 426 940
183 550 875 550
135 720 375 720
513 405 513 785
800 900 800 909
135 891 282 891
384 185 407 185
35 840 736 840
546 624 850 624
748 132 748 392
805 147 805 455
360 0 919 0
240 940 994 940
378 405 415 405
279 825 715 825
328 880 820 880
0 21 0 540
198 968 399 968
384 160 384 896
337 798 672 798
50 700 50 810
498 0 923 0
80 320 339 320
13 540 380 540
0 406 0 875
264 396 985 396
1000 922 1000 950
196 704 576 704
235 572 572 572
990 522 990 765
52 572 113 572
78 380 608 380
250 100 283 100
600 0 970 0
198 231 198 267
135 837 135 914
0 83 189 83
442 544 442 675
702 218 702 837
275 495 275 826
418 646 689 646
875 200 875 788
222 0 961 0
762 806 837 806
830 667 830 830
836 304 836 593
884 170 884 609
142 331 142 355
451 444 666 444
744 186 744 500
784 57 784 308
348 232 348 393
810 180 810 971
0 896 510 896
395 750 650 750
684 208 684 304
360 0 683 0
528 170 748 170
913 83 913 361
593 429 693 429
202 90 960 90
222 0 222 559
852 395 852 568
46 828 780 828
100 400 973 400
300 870 552 870
320 815 320 900
410 480 940 480
0 810 422 810
104 190 104 936
440 638 440 664
564 270 891 270
246 574 750 574
812 747 812 783
462 0 462 473
884 65 884 676
626 384 840 384
0 638 763 638
726 0 726 840
680 340 680 345
600 450 600 900
620 7 620 806
29 37 518 37
321 220 820 220
248 124 557 124
70 111 666 111
400 180 821 180
528 396 675 396
85 945 720 945
96 185 96 416
994 568 994 698
405 868 448 868
115 400 150 400
625 550 625 670
72 986 408 986
272 186 558 186
576 576 576 792
380 646 871 646
408 199 408 264
580 145 589 145
656 149 656 246
150 722 150 850
580 261 749 261
321 342 418 342
342 422 342 874
223 124 620 124
836 16 836 616
34 675 243 675
168 52 168 252
770 550 770 973
125 650 514 650
350 806 992 806
420 36 420 210
532 57 532 380
80 500 693 500
616 728 884 728
400 478 400 680
141 39 141 470
69 409 69 943
10 852 568 852
314 220 800 220
198 34 198 528
115 92 886 92
498 332 498 470
774 450 900 450
800 250 800 322
45 990 896 990
273 972 864 972
351 297 764 297
90 300 912 300
112 54 112 308
611 94 611 678
0 299 0 803
900 22 900 900
66 50 875 50
994 213 994 334
141 0 220 0
828 759 828 962
230 92 372 92
315 90 315 499
522 986 595 986
0 750 946 750
990 675 990 814
0 1000 301 1000
612 748 769 748
237 624 572 624
811 780 860 780
960 20 960 444
445 1000 450 1000
160 928 685 928
800 439 800 768
231 1 231 693
703 353 703 777
76 127 76 190
500 175 994 175
270 240 270 693
0 568 291 568
132 66 455 66
814 264 814 393
92 483 92 894
777 444 777 715
426 71 426 383
860 602 860 960
400 0 400 590
115 897 810 897
84 237 84 504
666 96 666 999
666 500 666 777
86 333 666 333
475 475 540 475
722 606 722 722
190 724 190 836
317 253 943 253
455 437 455 770
798 147 798 161
142 291 142 994
69 23 283 23
360 530 360 720
22 509 22 770
332 664 447 664
369 328 742 328
1000 32 1000 125
243 594 601 594
569 903 924 903
770 875 770 882
744 434 744 462
581 913 862 913
660 550 884 550
780 20 780 329
90 870 247 870
192 432 850 432
325 327 325 825
232 80 232 812
830 0 830 74
100 650 139 650
760 28 760 940
23 920 868 920
118 230 437 230
200 300 200 800
899 775 899 899
315 525 315 666
616 638 915 638
240 652 240 780
0 63 0 416
312 164 738 164
828 702 945 702
2 112 392 112
43 86 43 691
12 180 210 180
660 330 660 465
500 47 500 375
99 43 99 462
175 425 175 806
920 13 920 760
0 351 0 999
336 441 336 674
924 234 924 330
51 198 968 198
273 630 327 630
350 349 350 875
925 100 925 177
120 651 777 651
558 891 972 891
108 728 532 728
422 704 748 704
988 610 988 728
0 152 0 910
460 858 528 858
591 945 864 945
200 986 696 986
0 0 0 568
172 86 172 299
910 175 910 706
621 648 621 667
142 284 619 284
874 224 924 224
345 483 904 483
400 1000 702 1000
81 511 81 918
996 0 996 639
613 380 820 380
210 910 646 910
511 396 561 396
118 200 250 200
120 880 999 880
0 213 0 882
260 540 740 540
605 36 605 385
339 444 999 444
186 682 801 682
150 960 160 960
403 996 498 996
682 558 682 761
600 0 623 0
556 0 900 0
176 242 176 991
450 250 450 986
720 900 720 923
968 142 968 616
712 100 800 100
434 496 434 861
561 515 561 561
580 627 594 627
918 696 918 986
625 884 625 1000
651 756 982 756
203 232 809 232
200 800 866 800
184 200 1000 200
357 0 426 0
279 186 279 327
110 880 755 880
0 664 949 664
170 204 334 204
720 200 720 994
52 520 349 520
543 120 760 120
159 680 306 680
387 128 387 731
0 777 779 777
600 88 600 200
770 805 806 805
893 893 961 893
116 116 388 116
306 314 306 986
426 710 693 710
460 950 550 950
705 47 705 606
360 90 360 218
861 552 861 966
609 493 731 493
0 777 502 777
852 568 977 568
384 546 462 546
351 783 986 783
250 350 757 350
360 149 360 630
500 700 855 700
20 224 800 224
903 273 903 443
575 312 575 675
888 222 888 481
23 989 934 989
329 611 712 611
220 515 220 572
374 220 845 220
0 630 0 693
360 614 360 810
499 375 550 375
78 338 78 498
760 260 991 260
943 23 943 362
217 300 217 930
168 216 168 461
594 653 594 729
375 85 375 375
508 621 513 621
202 760 760 760
880 418 880 898
0 572 903 572
594 429 594 933
918 54 918 880
728 234 862 234
403 217 403 630
166 498 166 664
299 913 996 913
160 240 185 240
99 132 864 132
377 435 377 807
486 864 486 954
246 880 840 880
456 720 793 720
162 430 602 430
230 46 230 552
345 507 345 644
875 0 875 39
550 403 550 425
154 950 266 950
664 0 739 0
70 43 860 43
145 12 145 986
360 720 464 720
142 426 351 426
180 630 180 886
528 528 528 590
226 900 780 900
846 517 846 733
0 0 461 0
426 248 426 284
846 517 993 517
0 104 286 104
497 0 711 0
360 360 844 360
486 193 486 972
384 64 384 378
442 59 442 68
45 225 45 983
84 735 126 735
198 249 198 880
116 986 181 986
251 750 875 750
180 51 180 180
44 990 675 990
195 850 250 850
63 504 63 556
20 0 20 851
293 960 1000 960
0 24 0 304
930 749 930 960
248 824 248 992
456 456 616 456
315 762 315 882
165 70 165 550
494 463 494 494
293 0 533 0
380 0 380 181
330 396 960 396
416 252 441 252
78 208 94 208
1000 739 1000 975
450 900 450 963
357 483 747 483
724 900 900 900
580 557 580 840
260 80 693 80
350 300 350 403
459 945 459 968
156 520 156 557
0 387 0 985
795 0 903 0
0 115 0 809
66 66 66 404
588 383 588 980
891 0 891 841
244 870 690 870
44 220 108 220
800 600 800 851
748 375 748 528
220 705 220 825
105 21 105 274
100 250 100 859
520 468 520 760
286 286 286 606
806 45 806 310
0 224 0 396
120 144 781 144
375 50 375 313
71 426 473 426
568 518 568 568
166 498 771 498
560 480 950 480
210 25 625 25
800 489 800 540
810 106 810 315
0 0 125 0
550 264 550 802
250 375 250 820
540 340 767 340
576 124 576 864
518 912 518 962
133 0 968 0
840 61 840 280
580 899 909 899
142 710 900 710
238 136 238 411
37 111 548 111
483 231 483 326
120 540 364 540
114 646 114 663
575 250 924 250
0 225 0 850
299 200 299 667
180 450 780 450
134 1000 750 1000
999 34 999 222
372 219 372 620
166 0 661 0
91 697 820 697
540 425 540 756
58 207 58 870
242 902 827 902
260 333 260 520
152 0 152 125
380 33 380 740
40 975 575 975
224 116 224 256
672 56 672 672
952 0 952 631
990 675 990 879
96 144 696 144
90 585 519 585
864 189 900 189
52 413 52 442
616 374 616 657
296 148 802 148
28 700 910 700
833 495 990 495
800 234 800 600
830 498 830 533
400 150 644 150
246 205 246 549
726 572 726 924
389 27 972 27
855 117 855 360
403 186 403 534
664 664 664 756
25 299 460 299
77 228 912 228
426 142 426 893
426 426 426 665
130 150 550 150
38 190 413 190
372 930 957 930
170 800 800 800
684 190 684 394
928 273 928 870
116 754 116 803
945 140 945 732
188 940 871 940
80 467 80 760
132 891 178 891
525 25 525 154
558 206 558 248
858 88 902 88
21 160 500 160
374 2 374 510
205 82 205 602
176 0 233 0
868 713 868 829
240 240 896 240
630 0 630 233
420 420 727 420
231 462 423 462
726 660 769 660
812 883 812 899
138 115 138 508
1000 238 1000 400
81 405 207 405
374 419 374 704
630 188 630 450
372 806 785 806
532 342 802 342
25 200 25 575
190 420 504 420
107 900 700 900
636 56 952 56
83 332 83 494
72 380 72 720
611 640 800 640
180 135 180 540
250 808 250 1000
517 220 560 220
622 253 897 253
141 584 141 940
313 924 396 924
735 70 735 589
200 525 200 720
125 675 194 675
496 715 496 775
124 20 460 20
158 1000 200 1000
136 884 765 884
321 918 810 918
713 211 713 736
966 169 966 644
92 69 92 800
426 125 625 125
300 400 350 400
197 396 286 396
800 280 800 587
918 313 918 756
336 668 336 882
581 572 624 572
302 459 621 459
627 214 627 792
173 405 702 405
396 0 396 658
756 486 931 486
467 142 994 142
35 840 216 840
836 846 836 858
560 0 560 386
900 450 904 450
245 245 245 565
112 91 112 980
80 840 999 840
333 555 333 884
30 380 456 380
345 61 345 805
152 0 152 197
760 456 760 847
275 165 275 378
111 0 669 0
68 102 68 617
0 426 0 662
174 600 840 600
372 600 600 600
80 498 332 498
630 280 966 280
855 585 855 744
0 704 0 841
990 462 990 543
130 286 951 286
267 462 792 462
314 22 902 22
720 379 720 570
444 74 444 259
111 0 882 0
874 737 874 805
273 441 451 441
264 290 264 638
555 222 555 962
544 800 865 800
77 630 875 630
55 55 335 55
180 445 180 540
364 745 364 962
918 369 918 945
63 485 63 819
394 156 780 156
333 999 577 999
192 384 192 724
430 301 430 630
50 375 50 412
100 900 267 900
338 570 570 570
224 224 769 224
60 367 60 780
126 336 126 348
396 528 676 528
988 520 988 819
177 792 858 792
0 1000 34 1000
188 141 188 783
893 94 893 120
500 660 770 660
429 164 429 726
390 946 860 946
205 808 205 902
175 150 175 494
924 564 924 672
598 287 598 897
648 540 649 540
713 515 713 961
945 70 945 389
594 924 625 924
141 401 141 846
86 129 457 129
852 45 852 284
45 495 275 495
348 924 798 924
22 308 22 308
600 40 600 800
495 440 495 986
666 777 816 777
800 561 800 600
303 675 375 675
750 634 750 750
97 312 312 312
774 43 774 323
52 182 741 182
158 480 760 480
166 996 336 996
920 446 920 880
415 249 604 249
768 960 928 960
482 559 946 559
0 470 313 470
384 992 724 992
868 620 868 707
198 874 414 874
830 332 830 571
260 26 365 26
497 142 497 450
355 308 355 852
72 48 72 322
550 550 550 866
864 729 864 957
150 888 999 888
203 434 203 435
498 498 983 498
319 462 319 580
180 720 585 720
270 900 270 927
380 152 380 484
640 240 640 834
157 495 275 495
420 740 420 814
388 496 899 496
407 172 946 172
203 900 400 900
681 750 750 750
235 893 433 893
624 416 624 751
439 260 468 260
450 135 450 158
710 710 710 928
453 420 945 420
22 110 858 110
456 72 456 735
426 707 426 852
468 624 468 714
369 82 369 177
378 546 762 546
120 720 589 720
314 806 651 806
384 416 643 416
341 812 435 812
943 337 943 492
240 22 240 240
656 410 768 410
700 625 700 830
544 109 544 320
83 249 973 249
870 136 870 464
0 532 0 800
225 75 571 75
117 400 200 400
375 180 930 180
600 890 600 1000
0 608 0 942
40 500 411 500
175 368 759 368
124 558 928 558
205 984 816 984
280 455 280 480
783 891 963 891
532 224 608 224
375 625 375 796
664 30 664 913
249 830 913 830
800 200 800 232
0 198 0 830
58 232 58 356
0 374 0 566
506 305 506 368
586 510 816 510
572 601 572 880
90 720 459 720
552 164 697 164
310 186 334 186
165 110 165 734
344 999 999 999
33 230 805 230
0 498 736 498
240 676 546 676
736 6 736 322
680 260 680 899
456 228 456 684
0 781 700 781
525 918 525 980
58 0 522 0
972 108 972 654
950 117 950 600
186 750 300 750
620 624 620 930
624 988 949 988
415 996 651 996
340 680 683 680
940 603 940 799
132 11 132 506
58 29 58 709
207 115 207 472
0 562 0 996
12 416 576 416
980 868 980 979
851 301 851 460
300 240 300 700
726 66 726 997
0 426 0 440
360 270 360 380
55 220 55 866
49 594 264 594
616 22 616 95
50 37 50 725
935 55 935 968
518 158 518 370
150 200 150 953
705 6 705 141
200 889 200 960
163 426 568 426
140 140 920 140
624 465 624 468
690 911 690 966
32 568 426 568
771 738 779 738
315 470 315 567
138 368 138 722
330 573 330 858
284 0 284 59
729 135 882 135
198 561 542 561
325 600 824 600
464 870 538 870
304 0 1000 0
425 0 425 125
150 600 150 999
0 994 346 994
459 270 571 270
429 429 429 612
726 395 726 396
637 392 812 392
472 899 696 899
441 500 660 500
810 450 825 450
94 583 94 752
500 250 500 344
399 651 410 651
372 884 372 961
0 304 0 923
760 798 815 798
434 415 434 806
200 822 200 1000
88 110 88 597
423 893 485 893
330 458 330 825
96 432 486 432
670 572 682 572
630 531 630 882
450 270 459 270
60 180 90 180
900 90 900 528
200 200 200 200
250 850 428 850
68 442 633 442
568 867 568 923
699 600 800 600
207 529 713 529
160 401 160 720
104 392 104 572
600 875 933 875
171 250 800 250
82 145 82 492
986 58 986 857
836 220 836 438
270 90 270 208
118 690 207 690
264 194 264 396
103 664 332 664
332 332 332 628
280 160 755 160
40 160 487 160
483 690 483 820
116 406 116 562
240 109 240 120
222 888 588 888
360 900 783 900
318 806 806 806
174 304 174 783
113 738 533 738
210 577 210 672
38 47 38 380
651 558 911 558
665 910 869 910
168 0 977 0
0 720 843 720
129 129 441 129
90 230 90 600
310 465 310 907
376 50 850 50
500 375 825 375
161 664 996 664
516 731 516 855
498 166 730 166
16 725 261 725
360 450 360 671
282 329 780 329
268 228 608 228
333 888 527 888
780 504 952 504
264 111 264 198
486 297 888 297
135 378 135 543
180 720 572 720
248 253 248 558
722 456 722 807
129 0 166 0
110 550 504 550
171 615 861 615
323 705 799 705
86 899 930 899
1000 254 1000 360
0 258 541 258
252 528 336 528
390 480 895 480
559 852 994 852
150 400 332 400
93 166 830 166
0 960 560 960
567 126 567 778
456 251 456 608
369 580 986 580
456 152 456 552
140 160 498 160
864 27 864 569
235 141 235 918
275 570 510 570
200 600 756 600
486 469 486 567
790 344 989 344
605 825 694 825
850 25 850 968
313 308 462 308
564 464 564 705
560 328 560 525
276 510 930 510
936 262 936 832
666 185 666 818
475 875 475 982
388 980 756 980
444 111 810 111
92 322 746 322
0 142 0 962
0 779 0 875
696 290 696 515
881 986 957 986
245 87 667 87
100 815 100 900
191 800 800 800
310 589 689 589
44 495 660 495
243 54 335 54
800 341 800 400
692 348 754 348
28 924 693 924
164 462 990 462
858 264 858 835
758 200 1000 200
301 46 529 46
1000 0 1000 865
99 86 516 86
528 528 528 598
728 111 728 520
714 399 714 566
522 638 734 638
852 176 852 568
414 776 414 851
416 104 416 292
100 292 100 825
239 329 564 329
270 0 270 83
966 336 966 566
176 110 914 110
96 120 96 384
696 198 696 812
231 198 231 307
248 62 546 62
372 310 442 310
264 363 264 449
900 360 900 731
3 213 639 213
374 102 973 102
403 0 415 0
60 40 60 131
792 726 957 726
839 546 858 546
0 356 0 728
899 519 899 638
372 100 550 100
544 340 544 469
484 726 677 726
498 913 951 913
747 394 747 913
380 190 380 260
69 966 474 966
152 650 832 650
999 295 999 333
132 528 132 845
560 896 889 896
520 429 520 676
500 375 500 797
466 664 664 664
62 456 152 456
700 800 700 986
720 240 720 551
280 667 280 860
341 104 364 104
750 0 750 286
350 250 350 955
531 830 830 830
450 75 450 950
342 265 342 760
284 247 284 852
140 282 140 660
729 415 996 415
83 0 241 0
142 426 142 490
567 709 567 756
357 525 606 525
672 32 672 224
324 405 324 412
270 90 270 676
342 354 342 646
190 114 190 723
222 851 827 851
473 630 473 860
333 367 333 999
304 399 304 988
90 360 90 649
186 744 843 744
371 284 852 284
744 434 744 936
376 329 834 329
332 498 332 899
108 330 660 330
925 574 925 950
458 100 650 100
279 930 620 930
129 234 129 258
88 64 256 64
355 71 355 281
962 352 962 666
140 336 655 336
360 405 360 844
930 90 930 766
999 74 999 514
540 0 613 0
0 66 240 66
0 588 978 588
240 680 706 680
792 528 792 806
188 0 188 173
82 852 142 852
60 780 436 780
507 544 714 544
225 105 225 270
852 472 852 852
506 552 660 552
312 312 312 649
400 400 400 409
0 522 174 522
104 14 104 936
928 174 928 553
650 115 650 312
399 782 736 782
330 121 330 990
575 650 575 920
252 945 399 945
736 308 880 308
222 185 711 185
34 340 61 340
858 462 858 607
80 680 586 680
868 558 868 958
256 891 837 891
468 234 468 498
600 674 600 1000
608 223 608 722
390 988 665 988
468 105 735 105
415 996 768 996
502 651 930 651
594 858 920 858
230 1000 750 1000
184 138 291 138
439 182 884 182
110 220 459 220
332 498 332 872
244 200 600 200
483 310 483 420
1000 40 1000 376
81 284 568 284
639 575 639 994
558 0 602 0
60 960 654 960
800 196 800 400
426 284 736 284
108 513 273 513
649 130 806 130
154 440 154 522
164 82 164 82
680 408 680 853
554 1000 600 1000
378 972 692 972
490 564 490 875
139 574 697 574
300 120 406 120
629 360 629 629
198 660 198 986
800 375 800 524
83 166 609 166
351 432 854 432
902 105 902 110
297 135 297 885
460 115 460 753
396 726 396 753
136 952 923 952
639 205 820 205
546 208 546 944
271 884 416 884
142 994 763 994
743 320 992 320
76 152 112 152
572 910 799 910
605 660 605 976
270 567 567 567
286 297 837 297
308 352 308 668
18 125 750 125
481 925 727 925
306 31 306 68
572 104 874 104
259 447 259 703
282 94 282 880
658 140 780 140
471 980 952 980
780 252 861 252
888 37 888 312
980 86 980 532
702 312 702 347
738 738 887 738
425 950 486 950
360 90 360 385
918 102 918 476
950 290 950 400
874 805 953 805
126 76 304 76
456 646 888 646
658 517 658 940
492 287 492 943
560 80 560 609
456 451 861 451
180 360 845 360
0 0 642 0
598 46 765 46
63 210 63 712
324 81 528 81
403 254 403 682
586 525 910 525
495 220 607 220
90 720 291 720
216 594 216 806
512 36 512 832
132 32 132 506
280 233 280 560
330 924 491 924
858 132 858 383
775 103 775 875
450 180 842 180
580 418 580 600
800 950 800 951
540 256 540 720
651 76 722 76
313 380 646 380
80 25 850 25
713 69 827 69
396 529 396 572
140 380 479 380
731 111 888 111
711 260 936 260
994 213 994 390
168 210 484 210
53 968 418 968
370 178 370 370
420 180 420 778
720 0 720 559
558 248 558 358
651 798 834 798
135 171 135 378
215 487 215 645
810 621 810 844
84 714 591 714
252 214 252 735
464 754 531 754
120 864 120 987
436 855 675 855
280 480 976 480
450 50 450 540
94 484 94 752
846 219 846 376
891 196 891 540
440 873 440 880
945 630 968 630
420 417 420 595
896 608 896 801
715 660 715 693
450 240 450 883
695 498 996 498
57 415 83 415
403 38 456 38
87 493 87 584
332 234 332 996
129 86 129 398
200 800 200 965
996 498 996 897
759 429 759 486
235 141 686 141
935 161 935 880
777 222 777 698
217 129 344 129
805 1000 1000 1000
374 680 497 680
40 851 407 851
952 104 952 476
41 369 334 369
605 110 605 911
483 93 744 93
897 726 897 759
105 945 765 945
270 100 270 450
393 385 595 385
340 442 493 442
376 47 376 505
0 852 911 852
0 291 0 612
198 812 290 812
550 385 550 643
0 125 0 799
560 33 560 350
817 453 817 688
198 726 462 726
990 180 990 547
420 175 420 388
572 340 884 340
494 519 494 520
214 697 697 697
93 640 760 640
426 410 426 923
332 0 332 453
0 200 0 861
288 55 825 55
464 0 701 0
568 852 687 852
860 160 860 625
957 412 957 561
928 152 928 576
453 510 840 510
213 380 684 380
62 250 250 250
175 714 798 714
84 425 84 462
187 855 765 855
186 930 467 930
0 352 256 352
460 200 800 200
451 640 451 738
375 125 788 125
40 460 933 460
676 352 676 624
215 774 873 774
330 132 540 132
555 222 555 237
494 44 494 874
462 792 929 792
374 68 389 68
174 331 174 928
640 416 640 421
180 90 180 980
141 426 284 426
237 996 498 996
5 166 830 166
165 33 737 33
459 207 459 351
630 450 870 450
736 92 784 92
224 794 224 952
104 988 429 988
200 500 629 500
726 594 726 915
374 710 374 714
31 31 31 438
387 407 387 473
63 99 693 99
170 102 811 102
405 399 405 405
355 483 355 639
450 550 960 550
384 648 467 648
827 810 891 810
141 94 209 94
0 666 154 666
116 232 769 232
216 702 608 702
777 0 777 994
132 990 249 990
735 155 735 665
290 290 865 290
966 156 966 943
0 733 0 830
946 880 946 939
381 836 836 836
121 594 330 594
62 434 265 434
882 84 882 476
260 77 260 858
180 96 180 540
918 783 918 966
219 160 280 160
729 324 729 976
485 375 500 375
246 369 246 694
0 0 380 0
330 792 330 819
836 800 950 800
0 500 902 500
407 777 466 777
638 198 638 981
320 183 320 720
777 333 777 574
368 180 945 180
90 90 960 90
0 65 0 850
800 800 890 800
581 498 581 992
100 850 132 850
796 341 899 341
189 638 189 798
106 145 377 145
332 498 673 498
422 550 682 550
990 450 990 671
345 700 900 700
569 434 930 434
351 0 841 0
111 222 111 756
630 621 630 714
500 0 907 0
561 165 561 789
332 235 332 581
416 288 416 364
93 217 93 957
640 320 640 536
336 700 732 700
710 923 710 956
249 664 425 664
840 231 976 231
70 35 178 35
78 355 781 355
855 864 855 900
902 448 902 792
936 416 936 462
160 728 416 728
0 398 0 806
118 680 544 680
220 0 220 689
478 840 960 840
70 667 506 667
851 22 851 888
301 602 516 602
455 700 455 967
462 184 462 756
714 58 714 693
88 132 922 132
400 800 400 819
66 90 720 90
360 620 360 900
284 284 284 585
525 777 525 948
612 340 612 674
75 50 431 50
31 682 498 682
210 960 210 992
390 270 868 270
566 713 667 713
512 187 512 224
667 248 667 483
340 560 416 560
64 256 64 498
166 302 166 830
705 376 705 475
231 462 231 738
900 109 900 600
125 605 125 750
0 111 988 111
462 693 950 693
200 800 200 925
261 509 261 870
323 693 891 693
760 265 760 456
200 600 879 600
636 416 640 416
332 35 332 830
360 720 813 720
480 200 480 744
528 462 894 462
726 682 930 682
120 594 198 594
142 306 142 852
163 455 770 455
664 581 664 737
222 103 222 111
690 208 754 208
806 723 806 992
200 800 713 800
200 557 200 1000
46 69 46 444
42 567 418 567
146 142 284 142
384 719 384 768
517 435 517 470
30 960 828 960
57 780 156 780
0 620 885 620
105 830 105 924
565 120 800 120
250 364 520 364
21 333 21 504
495 315 495 503
744 930 744 961
504 96 504 891
578 748 763 748
720 576 720 960
168 560 532 560
30 124 806 124
384 10 384 160
102 450 800 450
238 34 459 34
800 593 800 800
830 249 985 249
550 857 550 990
138 644 378 644
182 639 284 639
285 0 664 0
500 375 892 375
540 433 540 450
166 498 488 498
220 100 564 100
770 275 770 767
160 200 800 200
110 0 110 335
825 33 886 33
58 174 274 174
142 101 142 994
50 300 50 450
260 0 648 0
216 702 882 702
775 0 775 434
920 480 920 704
238 578 810 578
137 432 702 432
111 333 111 582
140 517 140 980
322 207 346 207
320 132 594 132
275 242 902 242
812 672 812 778
166 166 688 166
133 598 598 598
400 0 919 0
100 940 240 940
651 372 788 372
31 10 31 279
25 450 25 629
503 868 620 868
598 299 815 299
32 522 32 928
924 189 924 524
123 984 329 984
565 602 645 602
324 378 324 910
259 222 677 222
330 55 330 792
195 546 861 546
16 630 675 630
426 840 520 840
186 930 186 948
852 142 992 142
861 451 861 899
814 37 814 443
945 882 945 924
860 387 860 408
814 726 814 979
371 426 568 426
677 252 714 252
198 606 198 990
0 97 0 332
756 524 756 616
578 1 578 748
241 111 851 111
17 200 600 200
203 420 350 420
415 498 746 498
0 310 0 522
432 243 548 243
0 356 0 462
183 780 270 780
87 800 800 800
29 551 421 551
331 496 775 496
930 485 930 992
690 483 741 483
805 253 805 399
140 595 140 738
59 595 280 595
266 114 633 114
350 700 750 700
304 304 371 304
800 0 800 212
990 70 990 792
852 226 852 497
148 296 977 296
994 38 994 284
120 810 412 810
462 722 462 814
292 0 900 0
600 200 600 506
884 728 884 756
124 310 646 310
852 284 852 747
54 945 990 945
630 720 813 720
497 923 515 923
731 114 731 344
167 150 550 150
89 495 330 495
928 224 937 224
555 333 555 813
20 500 20 923
769 846 846 846
264 198 264 619
114 912 751 912
266 988 499 988
415 996 886 996
200 270 540 270
31 93 31 924
375 166 375 750
595 245 671 245
825 453 825 935
54 297 54 920
318 320 352 320
592 364 728 364
988 52 988 823
78 660 935 660
664 664 664 781
517 148 517 376
200 221 200 600
81 377 580 377
60 700 848 700
459 405 838 405
272 729 756 729
0 600 789 600
288 120 288 315
945 437 945 540
375 125 375 299
980 408 980 760
952 306 952 399
74 555 74 830
92 253 685 253
750 384 750 780
380 494 867 494
270 405 984 405
129 50 825 50
300 0 804 0
722 120 900 120
550 726 550 850
87 97 87 841
375 357 375 825
948 644 966 644
420 126 420 340
800 0 800 203
783 432 783 478
581 249 824 249
567 540 790 540
620 27 620 682
43 442 43 946
225 775 986 775
130 125 750 125
333 518 333 847
270 900 622 900
490 595 490 603
220 480 220 636
142 568 693 568
100 600 100 634
83 664 409 664
981 301 989 301
837 142 852 142
142 576 142 710
909 0 1000 0
738 246 738 984
376 493 928 493
258 200 520 200
360 875 500 875
498 93 498 166
347 100 500 100
631 125 775 125
152 76 152 490
520 175 520 240
216 120 755 120
280 525 422 525
232 899 352 899
156 554 156 650
406 290 406 515
500 750 960 750
444 851 540 851
86 688 630 688
95 800 600 800
252 540 450 540
494 260 585 260
420 105 420 509
380 91 380 900
744 93 744 544
0 310 880 310
700 475 731 475
269 160 560 160
418 798 952 798
489 729 729 729
50 150 734 150
403 69 403 744
213 826 213 852
851 0 851 664
300 200 625 200
601 638 638 638
200 200 955 200
248 62 248 69
429 396 429 849
0 94 661 94
722 372 744 372
594 513 594 898
315 135 547 135
736 324 736 966
646 76 938 76
219 135 432 135
0 306 692 306
396 493 396 572
984 161 984 410
320 267 320 280
688 491 688 731
389 660 726 660
612 476 928 476
74 0 996 0
200 400 200 424
380 20 481 20
315 89 315 360
0 770 880 770
414 994 781 994
650 123 650 850
28 155 310 155
850 489 850 500
202 540 729 540
568 284 568 627
660 990 831 990
624 648 624 817
20 946 924 946
828 228 988 228
198 420 840 420
651 150 950 150
270 180 364 180
41 287 41 902
52 960 760 960
48 105 147 105
150 900 150 949
568 330 568 568
823 483 966 483
315 222 315 756
284 204 306 204
83 0 758 0
259 253 667 253
333 111 943 111
483 840 618 840
121 440 520 440
345 163 345 483
781 780 806 780
0 186 0 967
231 105 408 105
195 928 290 928
97 108 729 108
58 870 680 870
891 54 891 232
765 765 765 832
135 900 135 973
577 400 600 400
744 124 744 684
777 0 777 884
805 31 805 875
500 650 857 650
197 44 770 44
559 387 730 387
625 125 963 125
1 638 440 638
372 682 481 682
495 715 592 715
684 608 684 619
254 418 770 418
330 200 330 594
480 80 480 360
312 0 410 0
0 464 0 625
0 129 0 400
246 176 440 176
774 129 774 232
207 943 723 943
111 180 390 180
92 621 92 808
742 462 798 462
591 0 1000 0
108 378 108 456
25 816 480 816
715 313 715 385
662 210 840 210
675 230 675 975
0 0 82 0
532 447 532 988
500 506 594 506
0 777 0 827
123 575 253 575
0 297 0 501
68 68 76 68
400 750 400 795
615 372 837 372
600 800 828 800
384 224 458 224
540 45 540 752
999 222 999 575
746 900 850 900
210 714 518 714
32 84 32 800
870 142 870 928
134 80 440 80
943 205 943 978
720 120 720 884
76 608 76 656
0 520 322 520
294 60 294 462
52 52 52 935
462 23 462 660
667 232 1000 232
0 70 0 924
520 560 520 988
319 165 319 232
496 806 496 980
912 837 972 837
888 63 888 444
238 612 315 612
27 270 990 270
60 480 824 480
380 304 881 304
442 132 726 132
64 777 999 777
60 645 60 880
132 60 990 60
225 675 351 675
710 287 710 568
800 0 800 887
874 17 874 782
506 269 506 989
568 0 568 646
124 124 124 654
355 568 710 568
72 840 72 878
462 550 462 856
375 875 375 889
665 222 777 222
740 571 740 680
333 771 333 777
312 240 312 327
390 532 836 532
300 210 300 775
640 20 640 166
0 110 0 483
415 581 743 581
405 132 990 132
186 155 319 155
483 465 483 759
754 261 798 261
928 550 928 696
275 240 275 725
682 213 682 930
15 26 780 26
326 891 783 891
0 460 0 502
22 638 22 934
860 363 860 559
529 966 729 966
414 198 836 198
832 156 832 184
324 588 324 756
628 0 875 0
779 123 779 788
108 693 441 693
592 74 833 74
200 154 200 800
990 440 990 832
0 994 26 994
550 426 550 675
498 498 498 642
0 152 0 986
186 46 186 868
206 875 1000 875
48 312 48 816
160 240 160 627
396 264 396 347
284 355 759 355
49 600 800 600
600 216 600 300
333 678 333 740
243 828 552 828
912 152 912 409
600 592 600 800
473 88 792 88
900 392 900 1000
217 864 384 864
710 710 710 923
160 1000 275 1000
208 234 208 851
330 396 330 811
728 358 728 560
289 76 912 76
300 100 300 417
211 228 760 228
581 913 895 913
936 213 936 384
500 0 738 0
567 245 567 594
660 32 660 726
830 43 830 166
589 82 589 651
241 284 426 284
198 92 805 92
116 338 116 667
658 155 658 846
888 555 888 955
900 720 900 935
60 280 826 280
135 864 894 864
600 200 600 339
216 405 291 405
93 532 456 532
98 378 294 378
150 120 150 214
222 222 222 321
338 104 478 104
946 31 946 43
198 726 264 726
936 669 936 832
483 57 483 207
598 713 609 713
918 824 918 986
52 660 160 660
376 235 376 326
110 550 495 550
556 609 714 609
786 142 852 142
5 0 495 0
564 71 781 71
143 0 578 0
276 558 868 558
0 593 0 880
800 50 800 300
570 153 570 240
817 559 817 758
882 145 882 819
56 416 640 416
719 252 819 252
504 840 886 840
612 340 958 340
612 545 612 952
264 330 935 330
864 199 864 513
170 510 170 920
579 1000 1000 1000
307 638 551 638
241 726 440 726
500 440 631 440
400 400 400 837
84 340 84 798
977 259 999 259
105 598 105 805
20 0 20 197
550 550 862 550
729 702 854 702
249 29 725 29
435 0 666 0
464 464 948 464
468 260 468 855
160 32 828 32
990 153 990 990
924 812 924 845
555 555 600 555
80 116 986 116
44 616 833 616
39 280 240 280
282 235 906 235
69 852 568 852
0 192 0 747
481 805 481 851
166 0 166 510
23 828 165 828
31 62 31 268
464 21 798 21
152 228 152 882
451 0 451 68
880 60 880 220
405 162 405 288
660 135 660 198
899 404 899 928
367 608 832 608
175 70 864 70
0 992 870 992
100 846 100 975
40 992 341 992
760 240 760 868
498 160 498 747
748 264 748 875
48 215 48 672
276 888 296 888
0 760 959 760
750 75 750 887
167 0 702 0
125 500 664 500
160 0 236 0
20 100 168 100
456 76 760 76
363 231 741 231
885 851 999 851
462 693 778 693
630 600 976 600
245 0 245 850
675 196 675 360
6 874 570 874
250 875 369 875
600 600 600 748
799 17 799 470
333 63 333 555
870 348 870 454
726 620 726 902
86 132 660 132
0 168 0 660
435 348 435 450
943 96 943 529
236 80 1000 80
528 66 528 777
700 210 700 604
664 147 664 664
544 986 696 986
179 638 348 638
800 300 800 606
86 129 152 129
600 593 600 1000
355 568 789 568
0 300 0 400
406 522 619 522
143 58 406 58
0 945 358 945
828 81 828 115
990 203 990 585
112 99 627 99
700 383 700 385
300 133 300 900
415 0 415 291
450 375 450 444
50 219 50 350
286 44 346 44
99 627 493 627
442 330 726 330
800 464 800 800
287 697 287 860
300 850 662 850
324 189 324 945
16 900 900 900
940 260 940 567
235 470 235 710
200 0 857 0
303 301 602 301
330 47 330 660
233 664 249 664
825 119 825 770
994 732 994 852
204 578 204 589
275 825 549 825
203 928 378 928
664 237 664 830
875 447 875 750
621 230 621 796
162 434 162 567
333 0 333 388
803 664 996 664
360 180 700 180
756 240 756 882
192 576 197 576
705 55 705 517
750 750 750 796
160 820 794 820
714 105 714 435
341 155 341 416
290 151 290 522
145 203 145 255
232 986 769 986
248 62 248 754
132 396 255 396
139 660 935 660
925 25 925 958
613 990 660 990
204 368 437 368
609 357 672 357
442 182 442 226
333 111 385 111
705 235 721 235
144 812 435 812
368 943 524 943
468 52 679 52
565 360 720 360
172 31 172 344
868 0 868 111
339 497 426 497
852 426 852 935
20 666 999 666
0 31 0 350
400 117 400 320
990 270 990 286
0 57 0 90
385 660 864 660
800 375 800 652
756 483 805 483
240 420 935 420
712 0 962 0
310 69 310 744
880 264 880 779
860 304 988 304
332 434 332 498
104 260 989 260
152 50 925 50
297 495 433 495
459 882 777 882
513 200 850 200
126 609 126 668
387 430 387 688
36 306 680 306
65 0 380 0
344 516 495 516
130 483 598 483
445 25 850 25
0 851 0 852
50 50 501 50
385 165 385 299
652 608 988 608
820 164 820 542
800 630 800 900
228 297 972 297
188 100 500 100
972 405 972 937
141 0 682 0
231 957 335 957
884 728 901 728
329 94 599 94
166 249 839 249
72 192 72 683
52 365 52 572
630 90 630 179
100 20 100 480
76 391 76 608
566 396 924 396
462 858 846 858
462 42 462 990
393 180 450 180
130 260 260 260
423 282 423 495
405 527 405 972
0 0 0 163
630 840 828 840
228 598 414 598
423 100 1000 100
1000 500 1000 999
760 120 760 401
996 332 996 961
664 433 664 498
23 720 480 720
26 680 820 680
44 875 625 875
188 282 188 337
760 988 760 995
32 576 358 576
204 166 664 166
540 810 669 810
50 900 80 900
440 110 440 990
550 984 738 984
792 660 914 660
40 460 817 460
231 125 1000 125
141 58 348 58
94 240 600 240
999 333 999 631
924 238 924 352
284 710 734 710
736 408 736 672
464 696 464 975
990 631 990 715
297 36 297 429
600 838 600 880
70 350 448 350
480 669 480 896
400 100 960 100
568 445 568 497
249 486 249 498
541 120 560 120
738 229 738 287
320 120 320 474
223 682 930 682
990 3 990 550
555 0 555 518
32 224 229 224
690 0 868 0
0 482 0 540
897 0 980 0
881 166 996 166
752 517 806 517
35 475 450 475
598 52 940 52
483 46 797 46
930 480 930 879
621 258 621 391
156 480 380 480
725 166 725 900
605 495 938 495
511 280 945 280
350 208 350 980
493 290 821 290
185 174 185 777
449 825 990 825
209 820 840 820
252 116 252 448
238 364 754 364
540 90 540 623
220 137 220 620
253 414 253 499
673 253 759 253
610 450 825 450
96 0 96 238
242 902 782 902
365 750 750 750
400 175 400 338
702 459 702 781
287 902 728 902
988 798 988 970
128 128 644 128
568 284 982 284
385 630 385 762
198 646 456 646
147 496 899 496
248 620 932 620
345 483 903 483
212 575 736 575
525 200 920 200
61 27 675 27
648 864 782 864
625 675 625 845
288 264 288 336
680 420 941 420
609 273 609 707
849 710 852 710
473 387 644 387
940 160 940 252
240 200 240 217
44 440 579 440
850 275 954 275
542 667 782 667
589 173 589 837
917 142 994 142
650 600 760 600
50 380 260 380
237 992 310 992
920 276 989 276
868 600 868 840
0 360 0 617
400 0 855 0
162 378 756 378
560 480 560 920
682 372 682 803
203 0 462 0
895 639 923 639
744 713 972 713
204 646 649 646
252 99 252 399
551 395 551 406
210 180 210 579
672 24 672 84
0 781 0 832
264 728 988 728
180 150 180 736
150 300 150 699
299 437 299 474
1000 250 1000 937
37 185 37 869
532 836 684 836
63 203 63 630
261 1000 500 1000
639 568 754 568
50 550 176 550
157 200 300 200
632 399 882 399
640 53 640 780
450 350 450 386
315 0 315 192
297 165 429 165
608 873 608 874
533 205 721 205
260 676 437 676
728 572 728 855
832 114 832 780
640 128 640 768
90 600 636 600
568 338 568 710
444 777 444 812
453 696 812 696
588 378 588 648
810 427 810 900
880 600 880 794
800 740 800 900
607 658 658 658
630 361 630 540
576 39 576 992
372 173 372 806
986 272 986 875
780 150 780 854
169 341 217 341
816 744 921 744
270 378 270 838
162 945 263 945
816 714 816 905
442 238 658 238
353 80 640 80
782 276 782 584
160 219 160 380
580 0 739 0
149 704 832 704
186 372 372 372
556 988 836 988
207 460 207 857
609 468 624 468
220 31 220 308
500 625 500 724
756 462 756 772
779 0 779 690
138 276 511 276
250 125 250 402
0 49 0 166
782 414 782 759
26 920 874 920
537 0 684 0
700 588 700 946
597 731 731 731
682 155 682 187
224 252 224 935
456 684 456 800
817 149 817 731
345 0 994 0
360 90 447 90
27 566 27 972
380 160 380 335
286 737 286 832
143 780 520 780
806 310 806 811
45 760 100 760
432 768 470 768
300 700 300 787
96 738 123 738
111 222 111 307
726 554 726 594
990 360 990 855
300 377 300 680
625 375 970 375
108 330 108 972
125 327 125 625
210 945 910 945
952 68 952 467
920 494 920 920
321 35 945 35
760 40 760 946
140 160 985 160
464 85 464 580
86 860 286 860
0 572 0 875
252 67 252 252
145 203 699 203
403 465 403 610
0 142 0 434
320 580 506 580
184 474 184 736
546 756 546 789
59 777 945 777
360 288 718 288
605 440 605 582
437 267 437 299
682 248 682 331
594 162 594 171
66 66 66 391
210 525 594 525
780 48 780 520
264 330 348 330
688 755 688 903
261 725 271 725
540 210 540 675
142 710 663 710
260 436 260 520
507 52 832 52
406 290 622 290
684 674 684 988
781 426 781 475
55 359 55 770
430 473 430 686
702 416 702 438
220 346 220 748
250 301 430 301
264 359 264 594
629 555 629 862
486 648 944 648
820 220 820 782
897 69 897 559
370 370 370 902
690 945 945 945
608 252 608 760
830 205 830 332
375 169 375 625
646 306 761 306
648 0 648 639
630 0 630 371
182 884 182 954
322 465 322 575
450 810 450 871
0 151 0 332
572 415 572 616
426 350 426 639
608 532 608 976
465 124 465 995
568 426 996 426
200 500 200 954
300 500 841 500
111 592 111 926
392 994 852 994
498 492 498 996
658 517 658 564
70 1000 700 1000
918 609 918 646
434 558 734 558
225 585 925 585
0 1000 201 1000
385 777 385 825
608 76 608 108
564 117 564 564
620 128 620 372
587 62 992 62
680 38 680 540
275 980 420 980
213 74 213 781
172 44 308 44
846 682 992 682
798 601 798 722
299 211 299 299
475 39 475 875
336 441 336 803
977 238 986 238
74 111 100 111
297 386 297 459
625 125 625 393
186 248 186 267
349 256 864 256
290 522 643 522
864 168 864 229
426 677 426 710
290 806 868 806
125 125 125 281
230 1000 400 1000
324 924 396 924
50 350 162 350
260 0 474 0
286 0 546 0
663 913 913 913
980 141 980 700
78 520 104 520
400 484 400 720
520 120 808 120
900 666 900 990
490 420 490 497
405 45 405 168
275 0 806 0
534 333 777 333
325 200 325 382
528 72 528 208
896 96 896 435
270 0 270 62
240 480 240 826
580 380 580 669
450 810 575 810
0 632 0 830
123 512 736 512
0 355 816 355
433 25 800 25
252 252 252 399
555 888 555 988
116 493 224 493
387 645 746 645
700 35 700 174
13 760 760 760
222 814 961 814
940 242 940 611
293 332 498 332
117 828 851 828
645 53 645 86
426 710 426 923
2 140 560 140
150 631 150 990
728 498 728 936
400 1000 720 1000
60 420 60 617
81 351 738 351
836 404 836 660
888 12 888 37
86 466 86 946
217 360 672 360
828 529 867 529
290 385 330 385
297 108 297 260
520 260 520 805
735 180 990 180
401 142 994 142
51 640 500 640
20 333 444 333
945 263 945 567
10 648 351 648
940 280 940 835
780 280 780 528
0 850 987 850
920 0 920 429
608 660 792 660
340 476 340 834
115 966 181 966
310 31 318 31
1000 250 1000 261
168 840 796 840
888 0 888 442
420 790 420 960
75 52 728 52
166 166 606 166
348 116 664 116
888 592 970 592
812 177 812 812
450 244 450 475
8 216 162 216
832 572 832 608
198 58 198 770
945 420 945 465
500 60 500 672
333 666 822 666
442 387 442 918
140 560 665 560
999 685 999 777
250 750 250 997
81 378 523 378
280 760 582 760
122 154 550 154
1 760 912 760
999 0 999 789
125 975 337 975
142 568 397 568
682 45 945 45
624 430 624 806
251 918 783 918
994 363 994 639
174 696 802 696
770 502 770 748
45 360 45 506
624 104 888 104
385 315 990 315
384 160 685 160
100 100 100 633
200 360 551 360
328 495 585 495
142 150 142 568
120 630 654 630
369 984 692 984
728 312 807 312
480 940 480 992
0 388 0 996
463 855 855 855
672 189 872 189
355 263 355 852
492 287 492 693
62 93 477 93
300 225 315 225
43 77 43 817
411 198 495 198
986 371 986 696
451 123 451 667
74 830 581 830
120 500 123 500
336 868 954 868
864 108 864 331
56 840 796 840
696 580 696 857
81 891 247 891
484 792 681 792
884 155 884 780
166 166 166 214
32 672 742 672
40 280 660 280
340 571 340 840
0 600 745 600
261 434 496 434
27 27 27 490
621 161 621 303
320 0 320 88
836 278 836 798
326 602 602 602
250 125 250 242
525 23 644 23
351 135 885 135
814 1 814 726
174 705 174 870
708 506 759 506
986 116 986 597
272 912 798 912
451 574 451 819
990 660 990 720
996 195 996 332
232 58 232 727
728 572 728 707
600 400 600 792
468 884 819 884
60 99 60 960
568 66 568 568
63 210 622 210
160 90 405 90
518 37 518 647
244 126 840 126
0 210 0 532
840 770 840 792
168 330 168 840
200 0 200 116
124 996 166 996
697 984 697 991
65 228 342 228
497 426 497 838
160 280 160 945
68 748 68 849
748 66 748 748
551 899 772 899
8 728 988 728
462 396 462 935
336 144 415 144
93 97 93 992
243 324 530 324
491 987 546 987
284 710 284 741
370 37 561 37
923 497 923 858
21 76 228 76
830 258 830 415
545 945 648 945
125 170 125 625
426 0 426 872
492 328 492 642
68 306 68 593
185 372 992 372
66 768 66 858
332 166 610 166
429 99 429 363
76 608 567 608
874 736 874 776
265 609 588 609
193 552 782 552
725 726 924 726
888 592 888 704
415 664 415 798
166 344 166 664
93 372 931 372
295 168 984 168
684 152 684 880
104 104 127 104
288 209 288 736
385 770 770 770
71 0 695 0
43 344 946 344
132 378 132 858
126 231 126 980
260 780 539 780
918 945 995 945
592 216 945 216
984 24 984 570
552 408 695 408
0 375 720 375
858 0 858 278
228 912 669 912
84 147 913 147
0 218 0 664
800 64 800 556
464 174 705 174
111 666 575 666
984 669 984 672
1000 217 1000 400
287 82 287 834
71 89 71 568
875 550 975 550
700 0 700 266
930 83 930 372
774 52 774 946
298 136 850 136
840 390 840 468
162 540 682 540
592 578 592 777
264 256 264 264
0 444 278 444
480 300 747 300
375 0 504 0
63 742 63 924
454 765 720 765
265 231 429 231
124 248 124 787
928 160 928 270
330 198 330 537
0 199 0 747
486 594 486 738
477 208 728 208
185 456 888 456
423 135 423 141
296 240 296 999
215 580 232 580
572 638 572 867
154 280 868 280
548 900 900 900
0 464 0 476
723 600 900 600
270 210 270 864
759 348 759 644
228 575 228 912
988 52 988 665
720 210 720 726
583 725 925 725
380 475 380 988
725 148 725 775
286 0 286 868
990 329 990 440
374 748 374 918
198 594 198 959
483 368 483 957
383 828 713 828
900 272 900 400
702 216 702 270
127 125 875 125
54 700 580 700
754 999 999 999
260 280 260 780
999 740 999 979
462 858 963 858
480 720 480 1000
810 675 862 675
249 0 249 135
650 0 650 647
608 380 608 557
480 960 875 960
78 78 474 78
426 371 426 568
572 66 859 66
116 232 203 232
297 33 911 33
289 648 594 648
816 590 816 792
123 902 663 902
812 348 812 731
340 370 814 370
342 756 840 756
330 47 517 47
870 236 870 841
520 200 520 397
756 12 756 81
87 348 928 348
375 275 667 275
400 600 839 600
292 540 675 540
986 406 986 977
100 975 705 975
638 128 638 464
451 2 451 82
0 660 68 660
245 490 848 490
232 166 498 166
141 893 803 893
99 240 880 240
166 913 231 913
315 245 315 353
450 681 450 810
630 210 968 210
624 315 624 432
180 694 180 800
600 0 865 0
945 38 945 918
200 700 479 700
201 416 364 416
132 4 132 836
385 770 385 802
400 150 708 150
14 264 462 264
160 74 160 672
233 360 585 360
113 0 480 0
324 312 324 702
22 374 220 374
74 312 962 312
183 528 264 528
450 180 785 180
986 174 986 670
470 117 470 188
444 518 953 518
350 70 662 70
675 590 675 810
360 216 360 455
228 190 228 672
328 0 328 146
996 664 996 765
324 243 324 919
111 222 329 222
297 567 672 567
0 174 0 666
500 450 575 450
444 444 444 960
267 120 552 120
812 50 812 986
21 608 288 608
180 0 245 0
44 100 300 100
345 2 345 92
613 952 646 952
675 225 675 959
470 214 470 658
62 0 62 246
828 276 828 631
416 352 416 464
612 155 713 155
825 275 825 442
852 137 852 994
44 700 300 700
555 111 555 678
994 374 994 426
32 187 32 960
330 745 330 792
549 166 830 166
100 300 642 300
528 312 528 655
43 357 336 357
0 498 0 553
47 189 324 189
336 61 336 936
213 775 900 775
150 800 482 800
183 189 891 189
76 0 498 0
294 950 850 950
460 249 830 249
104 0 104 698
559 946 559 958
200 500 418 500
58 260 200 260
462 198 462 545
1000 100 1000 103
287 308 418 308
772 675 945 675
312 520 725 520
225 360 832 360
483 446 483 621
234 21 234 104
595 840 688 840
0 155 0 423
860 141 860 817
550 600 550 651
437 207 437 885
638 22 638 533
0 0 972 0
311 559 946 559
142 710 142 945
851 138 851 591
730 150 875 150
284 710 439 710
0 184 0 880
699 800 700 800
155 176 155 713
568 726 568 994
27 216 260 216
500 1000 785 1000
0 225 463 225
90 625 90 630
380 587 380 940
15 728 468 728
0 76 0 261
950 237 950 550
306 313 306 340
41 820 805 820
536 564 564 564
495 55 921 55
693 363 891 363
406 825 625 825
495 810 495 876
186 930 377 930
161 900 580 900
572 290 572 988
260 208 824 208
27 748 680 748
253 391 467 391
0 944 0 999
281 928 870 928
609 420 609 831
329 271 329 893
333 555 854 555
830 0 962 0
900 850 900 887
703 259 703 737
820 328 820 728
913 387 913 581
75 825 810 825
581 288 896 288
540 150 540 810
644 506 644 980
923 68 923 213
332 700 332 996
710 166 710 568
195 216 891 216
375 625 375 774
0 568 0 996
504 332 996 332
600 364 600 800
486 378 960 378
360 809 360 900
192 544 984 544
0 9 0 957
293 682 924 682
332 830 658 830
920 760 920 819
601 620 860 620
241 0 852 0
500 100 500 400
798 38 798 745
280 840 621 840
320 840 544 840
275 224 275 825
60 82 60 180
260 520 260 863
372 62 372 315
400 200 601 200
259 161 598 161
874 76 874 670
880 60 880 835
105 126 161 126
464 414 464 580
838 990 990 990
0 450 0 749
58 464 451 464
120 690 276 690
234 468 649 468
752 806 868 806
190 166 830 166
799 487 799 940
206 675 891 675
202 754 406 754
426 994 698 994
608 160 608 337
152 456 732 456
1 750 625 750
903 789 903 903
777 426 777 888
435 638 435 765
450 582 450 700
660 625 660 748
160 800 538 800
235 470 235 517
783 324 921 324
384 96 397 96
875 300 875 935
923 81 923 994
165 862 165 990
150 469 150 810
840 390 840 872
416 364 664 364
105 257 105 315
710 142 951 142
880 440 880 756
444 111 444 311
70 875 649 875
820 720 945 720
165 275 165 996
172 301 172 323
332 350 332 664
171 1000 950 1000
660 304 722 304
675 313 675 405
444 0 444 896
323 516 903 516
64 960 661 960
874 546 882 546
137 836 722 836
310 434 970 434
594 27 861 27
400 200 976 200
0 58 88 58
315 0 561 0
0 660 101 660
846 791 846 940
553 800 620 800
864 81 864 994
0 400 0 493
13 700 175 700
594 699 594 858
372 248 372 800
837 346 837 405
0 858 160 858
495 215 495 550
665 380 665 700
0 186 0 664
90 480 193 480
180 810 309 810
344 172 344 172
0 300 72 300
106 900 270 900
676 208 699 208
328 781 568 781
297 528 297 768
610 990 720 990
495 859 495 880
676 357 676 572
664 498 828 498
582 312 598 312
361 800 825 800
299 230 630 230
111 90 810 90
630 455 630 720
540 900 932 900
664 482 664 830
166 166 441 166
0 0 69 0
0 841 123 841
319 166 498 166
861 43 861 902
400 711 400 800
44 988 912 988
760 836 781 836
54 0 54 750
396 0 416 0
0 999 137 999
520 780 949 780
899 31 899 991
253 110 253 322
0 827 0 950
0 42 0 304
884 364 884 563
186 134 186 527
779 738 815 738
301 215 301 701
860 551 860 903
388 625 500 625
259 528 990 528
529 253 949 253
127 903 344 903
278 416 520 416
851 152 851 368
480 460 480 624
616 570 616 814
770 735 770 880
0 448 0 500
594 263 594 924
375 588 525 588
672 264 672 672
496 186 496 259
217 651 928 651
637 520 760 520
117 950 725 950
570 227 570 720
123 195 123 492
250 375 250 930
181 798 609 798
132 245 245 245
111 396 132 396
0 332 0 530
186 0 651 0
354 992 800 992
264 600 720 600
284 142 428 142
696 0 696 577
275 142 284 142
486 273 840 273
980 60 980 437
0 400 533 400
22 572 687 572
672 966 872 966
315 756 315 990
540 100 540 833
125 125 430 125
520 780 903 780
58 493 367 493
330 720 826 720
245 315 980 315
800 166 800 840
261 464 261 997
560 300 560 632
27 157 27 189
63 378 63 583
342 462 759 462
630 870 630 990
126 83 996 83
220 660 409 660
120 120 120 586
76 57 76 608
1000 152 1000 280
105 665 832 665
599 150 780 150
32 693 357 693
155 155 491 155
426 142 456 142
900 150 933 150
52 78 89 78
426 70 426 568
494 221 494 836
759 391 759 770
0 111 79 111
385 0 843 0
588 816 952 816
544 359 544 578
540 386 540 585
249 498 249 638
0 336 0 830
42 168 667 168
664 249 664 931
750 187 750 375
0 0 560 0
800 0 800 938
351 616 448 616
0 400 550 400
111 95 111 666
581 166 761 166
284 558 284 994
594 330 594 463
946 273 946 352
71 142 71 678
722 950 791 950
792 123 792 880
487 720 540 720
403 145 580 145
796 286 806 286
621 756 873 756
500 147 500 325
240 440 240 592
560 280 560 639
159 625 725 625
43 0 112 0
27 756 27 773
0 152 266 152
237 0 284 0
865 820 943 820
125 750 990 750
748 443 748 550
308 560 308 616
580 420 580 951
295 558 651 558
5 992 682 992
990 606 990 810
328 246 328 913
375 234 375 875
76 152 76 458
19 581 664 581
328 111 740 111
172 94 235 94
80 609 667 609
62 527 209 527
252 966 432 966
442 918 725 918
713 415 713 897
600 920 861 920
702 108 702 702
520 918 837 918
744 682 744 700
460 32 460 552
94 0 486 0
216 552 216 853
729 170 729 297
180 810 316 810
60 480 735 480
528 330 793 330
529 333 529 575
338 78 338 441
247 90 420 90
189 525 718 525
0 666 0 906
213 284 284 284
462 396 462 506
69 548 69 943
760 180 997 180
147 395 147 441
576 555 666 555
600 480 600 735
705 209 705 846
495 765 495 783
945 756 945 861
975 25 975 354
0 1000 345 1000
620 124 620 253
132 132 132 596
1000 200 1000 231
111 145 111 259
252 196 252 313
145 493 145 625
56 224 480 224
560 7 560 900
208 156 617 156
520 265 520 280
580 174 580 857
144 288 384 288
428 945 891 945
442 12 442 156
572 88 572 176
728 119 728 884
441 35 441 546
540 703 540 810
186 930 574 930
0 124 80 124
161 688 516 688
532 608 826 608
100 99 100 200
32 544 32 925
430 417 430 430
460 644 460 692
987 93 987 168
540 270 540 969
810 729 812 729
812 580 812 855
684 456 684 851
332 218 332 664
594 396 874 396
735 420 839 420
358 744 992 744
260 598 290 598
341 806 419 806
1000 742 1000 950
380 380 736 380
222 50 750 50
650 114 650 725
400 736 400 1000
384 403 527 403
115 370 115 713
744 544 800 544
575 506 575 506
840 436 840 588
861 164 861 457
0 38 0 882
639 284 960 284
100 220 416 220
754 333 999 333
728 33 728 104
52 360 680 360
476 162 476 680
609 359 609 945
444 111 444 912
184 92 882 92
330 430 330 968
408 952 408 965
162 972 520 972
4 522 696 522
284 568 284 801
366 348 580 348
220 880 481 880
288 384 566 384
924 660 924 977
574 246 574 322
252 19 252 476
418 88 501 88
912 752 912 836
272 340 819 340
715 825 993 825
972 990 990 990
153 275 225 275
90 90 842 90
600 272 600 400
574 0 722 0
638 87 638 258
330 360 643 360
39 736 736 736
5 100 200 100
0 0 0 992
1000 704 1000 750
622 350 850 350
0 203 0 310
99 594 99 743
135 203 135 945
21 650 150 650
508 462 903 462
210 403 961 403
528 0 529 0
302 90 540 90
190 342 190 557
0 135 904 135
598 23 724 23
0 400 0 860
0 800 168 800
222 148 722 148
90 913 90 990
836 152 836 288
800 120 800 120
996 879 996 996
400 10 400 600
20 902 594 902
669 418 760 418
748 190 836 190
320 706 320 832
120 900 747 900
0 630 801 630
2 140 140 140
625 0 625 935
924 297 924 949
0 594 0 762
309 664 498 664
250 175 639 175
20 166 20 420
624 900 800 900
351 756 821 756
348 754 806 754
858 352 969 352
184 529 789 529
360 180 442 180
459 81 459 179
768 0 990 0
600 371 600 800
517 71 517 470
664 830 970 830
437 506 437 884
984 204 984 205
486 700 860 700
852 0 852 364
125 25 125 71
180 720 871 720
13 448 252 448
169 830 830 830
426 994 704 994
0 284 0 940
110 770 530 770
460 46 460 699
830 0 830 559
300 140 300 939
462 462 462 671
300 1000 717 1000
400 800 703 800
164 338 936 338
360 520 360 668
507 558 620 558
140 35 140 924
220 605 537 605
450 276 450 550
884 208 884 602
498 0 600 0
96 710 355 710
0 810 460 810
846 272 846 611
142 852 364 852
100 259 100 475
48 800 1000 800
0 50 265 50
0 250 518 250
591 851 814 851
423 987 482 987
672 342 672 966
868 137 868 992
272 238 272 880
308 448 869 448
666 477 666 999
408 374 408 948
17 625 250 625
800 694 800 920
278 650 325 650
176 246 176 374
65 725 500 725
525 245 525 628
270 142 270 270
180 370 180 540
930 58 930 124
472 0 696 0
0 360 0 615
534 533 656 533
348 116 348 891
104 364 104 488
837 304 837 675
0 810 253 810
900 450 900 973
594 66 964 66
360 180 861 180
903 420 903 910
825 660 900 660
419 952 680 952
64 262 64 608
247 990 990 990
440 385 440 531
560 741 560 760
873 260 988 260
345 960 600 960
888 720 888 862
312 728 773 728
73 560 175 560
897 483 943 483
980 47 980 896
152 912 595 912
975 375 975 794
558 0 720 0
87 58 87 145
851 92 851 759
355 639 622 639
116 522 230 522
799 0 799 323
80 240 404 240
444 333 444 799
400 450 400 592
200 140 200 600
540 994 781 994
253 132 330 132
200 515 200 560
0 779 0 830
81 918 370 918
875 700 875 917
22 770 888 770
215 277 215 301
172 0 534 0
666 80 900 80
505 656 943 656
256 64 769 64
0 73 0 300
90 191 90 630
520 60 654 60
168 231 909 231
300 527 300 1000
264 924 929 924
658 329 658 792
324 425 575 425
241 50 525 50
217 31 217 63
150 200 900 200
37 37 37 760
754 208 775 208
71 0 235 0
0 639 136 639
129 559 307 559
593 110 825 110
80 360 83 360
200 256 200 350
746 380 836 380
125 250 125 428
288 744 356 744
324 459 324 702
0 936 12 936
400 360 400 824
426 142 426 804
576 194 576 336
216 322 368 322
462 735 728 735
858 203 858 286
875 894 875 900
92 575 253 575
64 224 64 361
370 370 370 826
627 330 627 994
132 154 818 154
507 22 770 22
570 890 570 988
0 1000 327 1000
0 495 0 680
449 0 710 0
46 465 155 465
450 400 588 400
357 485 357 777
345 138 706 138
506 736 801 736
990 0 990 555
431 650 832 650
696 790 696 792
406 290 406 406
396 409 396 924
525 250 872 250
93 527 93 871
1000 0 1000 508
990 156 990 165
111 222 111 868
84 870 696 870
612 816 890 816
658 376 938 376
170 100 170 850
850 675 980 675
672 263 672 512
60 860 540 860
900 585 906 585
537 378 621 378
0 348 0 385
147 651 626 651
0 306 664 306
378 630 847 630
238 375 625 375
23 23 23 107
43 172 547 172
55 495 55 606
292 0 320 0
280 700 465 700
814 88 881 88
0 0 437 0
217 682 868 682
0 935 682 935
0 355 0 622
62 326 62 434
990 225 990 295
456 753 456 836
620 360 620 961
900 113 900 990
418 770 418 958
560 420 560 449
58 754 58 956
111 888 111 943
155 124 512 124
440 840 440 890
164 576 416 576
0 990 24 990
252 726 660 726
673 228 912 228
332 249 332 611
198 700 900 700
630 154 946 154
310 550 675 550
633 682 924 682
344 870 754 870
528 46 528 600
675 900 924 900
812 8 812 87
560 300 560 866
614 483 672 483
840 451 840 760
874 253 874 659
442 812 841 812
23 658 893 658
141 270 270 270
896 710 994 710
528 928 580 928
625 0 625 216
375 725 955 725
648 135 648 733
541 640 544 640
308 44 308 184
860 20 860 122
156 748 594 748
851 184 851 768
142 137 142 994
0 507 0 817
42 785 42 924
440 55 440 261
364 104 906 104
572 154 572 720
0 886 0 924
74 124 744 124
75 675 422 675
920 45 920 920
800 200 800 513
350 500 350 806
900 577 900 900
559 688 904 688
322 850 375 850
828 854 828 897
858 924 869 924
327 700 1000 700
528 924 770 924
486 189 486 707
310 403 534 403
710 570 710 994
98 142 994 142
616 660 726 660
176 450 180 450
166 166 166 648
832 394 832 468
284 501 284 568
244 468 988 468
180 675 438 675
0 200 0 994
84 45 900 45
440 78 440 720
480 560 480 621
680 800 680 801
440 176 541 176
89 874 644 874
46 33 46 46
816 72 816 217
200 300 411 300
102 578 445 578
420 100 420 126
0 852 294 852
168 533 820 533
665 396 858 396
464 754 495 754
800 114 800 400
440 120 458 120
465 200 600 200
336 986 928 986
608 190 868 190
627 132 627 882
111 629 232 629
385 39 385 700
91 747 913 747
450 300 450 990
396 452 396 594
232 58 958 58
273 940 987 940
28 166 498 166
0 426 300 426
231 423 940 423
166 149 166 830
396 308 396 657
840 324 840 888
375 520 520 520
821 629 962 629
532 812 588 812
2 700 440 700
260 806 619 806
0 888 208 888
415 729 415 913
544 578 544 963
51 0 800 0
620 532 620 900
651 798 815 798
57 546 182 546
550 250 550 304
806 115 806 124
594 66 594 303
264 528 264 808
525 600 700 600
375 50 375 991
273 567 273 642
625 650 933 650
365 644 828 644
327 0 875 0
210 157 210 357
165 935 201 935
621 95 621 989
185 296 771 296
264 434 682 434
111 481 446 481
150 240 150 571
625 546 966 546
0 760 817 760
0 0 529 0
575 78 575 700
0 630 55 630
150 250 150 670
67 498 913 498
336 852 336 903
267 69 713 69
200 500 568 500
815 658 893 658
429 166 429 594
55 495 477 495
498 166 498 183
560 237 560 640
800 820 800 851
555 333 929 333
303 450 945 450
703 148 703 928
490 459 648 459
528 330 689 330
123 122 123 492
88 418 440 418
683 284 710 284
440 445 440 660
880 286 880 748
850 875 850 922
370 518 370 567
588 336 982 336
327 168 700 168
600 292 600 350
870 375 870 390
348 45 348 812
426 222 426 710
710 852 736 852
348 812 348 829
247 498 498 498
120 160 120 415
817 258 817 994
792 639 792 990
435 754 717 754
454 418 704 418
529 418 912 418
192 192 956 192
335 836 374 836
950 651 950 700
222 555 222 902
88 611 88 792
852 0 852 408
385 495 569 495
253 805 931 805
253 140 1000 140
248 224 248 496
176 440 176 843
96 168 821 168
486 347 486 351
0 142 906 142
715 165 715 906
528 0 528 423
486 120 780 120
161 23 211 23
329 658 802 658
555 222 993 222
912 360 912 600
246 451 414 451
710 101 710 852
600 295 600 600
516 401 516 774
0 875 983 875
331 700 600 700
475 660 920 660
0 55 139 55
77 287 820 287
624 936 896 936
147 546 661 546
942 0 950 0
104 598 260 598
260 600 519 600
360 630 911 630
666 506 666 666
875 556 875 925
452 704 704 704
243 810 655 810
676 44 676 936
216 432 216 629
777 148 777 148
12 984 888 984
113 798 420 798
467 166 498 166
738 201 738 656
148 720 450 720
550 900 750 900
870 81 870 638
90 225 238 225
166 0 665 0
812 167 812 812
0 235 0 875
999 668 999 962
402 792 726 792
568 426 568 926
29 162 270 162
0 332 915 332
133 664 664 664
137 210 504 210
284 0 688 0
638 69 638 726
106 868 364 868
0 426 942 426
924 228 924 660
680 240 680 680
348 701 348 986
282 149 282 893
0 900 0 909
120 256 120 560
18 609 966 609
987 141 987 564
336 946 559 946
70 740 480 740
0 581 422 581
632 600 850 600
855 450 875 450
621 27 621 936
777 344 777 777
825 605 825 737
300 630 486 630
966 161 966 321
154 357 420 357
400 700 793 700
558 145 558 341
572 156 572 882
600 300 600 813
709 875 875 875
21 400 550 400
725 50 725 892
481 222 765 222
168 750 625 750
660 585 660 660
135 405 741 405
123 987 658 987
648 540 858 540
18 500 125 500
419 108 594 108
400 500 490 500
0 93 0 1000
748 476 812 476
107 250 250 250
396 132 396 694
252 227 252 868
248 248 248 993
441 567 441 889
0 639 2 639
140 500 306 500
935 179 935 440
880 0 880 245
131 720 630 720
559 333 559 387
9 504 448 504
152 684 156 684
856 47 940 47
770 0 770 479
408 374 408 965
595 420 842 420
273 350 273 525
226 264 396 264
318 533 492 533
148 378 594 378
800 200 965 200
812 33 858 33
306 196 306 272
446 94 893 94
660 740 960 740
190 152 190 309
380 603 380 988
558 675 775 675
674 403 992 403
355 0 355 457
564 285 564 752
0 561 460 561
700 539 700 728
528 220 780 220
360 90 360 912
522 462 522 522
229 525 875 525
157 581 996 581
594 377 594 396
882 588 882 962
594 440 594 935
391 744 868 744
380 4 380 400
21 676 208 676
332 760 912 760
495 540 495 574
280 35 934 35
528 514 528 528
517 282 517 660
459 270 762 270
208 352 208 624
704 132 704 520
211 660 297 660
495 225 625 225
456 30 456 836
918 918 918 941
186 745 186 837
515 651 930 651
517 182 858 182
104 719 104 988
546 104 552 104
676 156 676 190
228 0 228 367
639 0 678 0
431 375 625 375
166 498 166 787
52 385 715 385
208 624 208 899
50 379 50 400
550 0 550 238
46 529 86 529
172 780 676 780
76 836 866 836
400 250 925 250
459 567 683 567
0 114 722 114
275 83 275 990
646 748 688 748
396 132 396 304
812 290 812 315
203 87 203 898
25 244 25 550
360 840 360 917
131 594 594 594
710 430 989 430
736 736 736 970
100 379 100 1000
100 950 457 950
225 180 775 180
166 664 166 808
802 990 990 990
24 259 24 576
600 0 691 0
720 180 720 500
41 615 67 615
605 852 710 852
450 504 798 504
608 988 668 988
287 656 919 656
369 984 571 984
1000 200 1000 849
62 155 62 155
464 174 464 317
460 259 460 620
629 42 629 148
624 468 624 832
593 260 624 260
90 225 90 918
465 461 465 682
330 550 891 550
836 0 836 741
568 142 568 739
396 871 396 924
332 0 332 586
315 378 315 808
277 407 444 407
202 253 897 253
405 687 405 900
517 240 517 423
250 27 250 750
384 608 384 704
830 664 830 714
620 186 969 186
528 40 528 726
450 150 673 150
74 740 545 740
348 406 348 625
720 840 951 840
68 111 222 111
125 125 700 125
440 139 440 160
330 165 385 165
0 715 423 715
226 912 684 912
308 565 308 644
465 31 465 586
945 648 945 781
840 358 840 800
360 474 360 960
825 528 825 782
736 832 736 871
560 680 934 680
765 270 765 720
360 48 360 233
483 57 483 336
660 242 660 550
97 184 276 184
152 456 995 456
533 861 815 861
481 888 481 939
148 296 148 959
520 416 520 419
28 336 478 336
450 180 450 507
348 457 348 580
333 370 362 370
506 680 520 680
392 664 498 664
270 372 837 372
375 625 957 625
504 112 504 905
66 198 66 890
726 330 726 935
410 328 410 581
426 852 706 852
775 163 775 651
287 125 1000 125
840 40 840 147
104 0 104 68
419 516 430 516
264 660 897 660
200 1000 687 1000
21 17 21 252
68 476 266 476
864 918 950 918
300 543 300 850
800 440 800 780
440 0 440 152
299 460 299 920
660 20 660 682
520 348 520 858
800 18 800 800
275 275 275 326
142 284 591 284
440 780 850 780
47 423 405 423
286 160 500 160
550 792 608 792
555 339 555 777
990 1 990 540
250 250 250 510
86 828 782 828
498 472 498 830
33 972 918 972
147 187 147 294
630 252 630 810
672 798 988 798
682 132 682 558
314 783 756 783
852 322 852 852
700 200 880 200
171 220 330 220
456 76 456 319
476 703 555 703
513 594 856 594
69 230 909 230
423 830 830 830
925 607 925 1000
680 756 783 756
303 630 720 630
513 430 513 648
560 560 560 608
60 860 791 860
867 888 888 888
423 235 423 297
520 960 910 960
841 128 841 406
820 812 986 812
264 120 986 120
702 468 702 937
200 140 453 140
870 270 870 529
460 10 460 644
81 360 810 360
600 78 600 800
777 465 777 888
0 500 379 500
640 780 740 780
383 444 777 444
44 264 165 264
958 992 992 992
0 216 0 802
147 693 316 693
968 240 968 594
726 144 726 297
482 308 528 308
961 93 961 182
544 744 624 744
429 108 540 108
120 600 722 600
564 376 564 749
875 389 875 425
702 297 702 393
110 605 888 605
363 660 363 705
598 322 598 841
622 722 912 722
284 568 951 568
497 306 497 994
689 874 920 874
180 450 180 811
41 82 495 82
385 35 409 35
575 529 575 932
720 60 720 960
166 962 999 962
0 783 494 783
476 140 476 440
629 259 629 560
190 532 454 532
150 63 252 63
57 891 561 891
123 533 123 900
441 336 806 336
128 812 812 812
400 560 805 560
423 638 754 638
24 504 24 637
336 140 336 823
550 274 550 450
208 208 428 208
594 198 594 716
288 936 851 936
888 0 888 483
980 513 980 680
58 522 545 522
550 726 550 816
782 136 962 136
258 473 695 473
406 725 465 725
198 44 702 44
1000 500 1000 753
550 170 550 605
395 720 855 720
250 125 669 125
578 507 578 578
625 0 625 761
14 960 240 960
996 476 996 996
135 287 656 287
128 256 128 522
506 131 506 330
0 860 0 987
405 513 405 580
129 301 129 467
990 330 990 564
240 0 970 0
986 95 986 696
377 638 891 638
660 280 660 352
228 0 228 660
35 12 35 980
368 308 368 483
0 304 326 304
385 128 385 550
628 180 630 180
950 798 950 897
923 24 923 71
200 800 726 800
390 630 390 958
700 350 700 660
476 318 476 616
74 42 945 42
420 385 420 796
185 756 702 756
943 907 943 984
0 249 161 249
431 0 498 0
46 759 414 759
310 648 310 899
684 317 684 760
0 913 19 913
220 220 220 489
0 918 972 918
174 540 297 540
348 174 408 174
495 471 495 720
874 418 874 870
495 90 495 753
495 540 922 540
300 800 651 800
74 111 538 111
364 728 895 728
600 600 600 928
152 491 152 684
528 198 528 372
830 496 830 830
271 880 440 880
210 245 210 692
650 350 752 350
660 180 660 748
239 760 532 760
357 105 982 105
83 581 154 581
27 0 407 0
374 682 411 682
172 43 189 43
166 865 166 996
200 800 869 800
616 242 960 242
82 164 82 342
704 148 704 220
756 189 984 189
210 829 210 870
28 972 567 972
374 442 374 659
713 69 941 69
205 903 420 903
740 730 740 860
540 632 540 990
0 58 925 58
604 992 736 992
330 858 864 858
324 270 876 270
315 420 315 670
726 352 726 531
852 298 852 994
270 415 664 415
210 840 441 840
930 558 930 877
0 198 974 198
685 945 805 945
401 220 900 220
555 198 704 198
418 374 925 374
621 713 845 713
20 900 20 975
393 888 408 888
210 460 960 460
527 500 900 500
295 120 750 120
0 254 0 581
874 253 874 320
128 49 128 544
480 395 480 750
296 185 635 185
253 460 253 778
328 246 947 246
407 200 500 200
260 330 935 330
252 63 630 63
874 64 874 943
560 22 560 520
152 423 152 608
600 500 600 801
675 389 675 972
674 928 704 928
310 124 310 510
320 40 556 40
516 516 994 516
940 200 940 577
363 31 363 132
459 54 459 816
702 115 702 918
142 994 233 994
324 27 981 27
660 165 660 593
180 400 180 514
380 381 380 950
1000 100 1000 108
333 760 333 888
200 69 200 400
608 190 800 190
684 250 684 684
68 666 222 666
984 28 984 504
272 544 272 930
252 609 252 935
297 664 996 664
638 0 741 0
125 0 953 0
320 875 925 875
994 923 994 996
389 731 946 731
492 328 492 704
836 586 836 988
10 220 700 220
528 48 528 674
213 284 998 284
950 350 950 563
301 345 598 345
430 989 545 989
760 20 760 831
264 616 264 826
124 496 907 496
434 248 827 248
725 525 725 713
522 368 522 928
200 800 832 800
0 750 371 750
115 304 456 304
567 540 853 540
189 35 189 972
0 248 880 248
581 166 581 775
306 465 589 465
132 297 132 691
690 208 690 966
532 608 821 608
110 242 193 242
913 332 913 591
0 71 961 71
611 329 611 569
184 345 184 505
608 494 975 494
197 22 638 22
135 376 517 376
52 416 897 416
237 231 714 231
720 297 720 675
158 676 416 676
180 990 243 990
426 316 426 710
241 650 832 650
805 448 805 851
928 696 928 727
625 250 912 250
91 920 680 920
104 602 817 602
333 777 760 777
464 174 844 174
634 800 800 800
265 246 615 246
375 750 486 750
576 547 576 832
360 267 360 810
696 176 696 290
238 136 238 851
855 315 855 385
215 731 998 731
555 0 555 812
225 100 225 790
648 595 648 672
989 301 989 945
278 0 498 0
406 464 406 503
832 814 832 884
342 851 814 851
473 344 653 344
416 798 760 798
126 300 700 300
363 344 387 344
154 529 575 529
310 527 640 527
33 902 880 902
103 880 946 880
639 71 708 71
0 561 0 999
462 330 462 865
220 110 548 110
180 740 231 740
533 102 533 533
330 480 330 726
462 126 462 748
620 341 951 341
259 105 259 148
470 856 470 893
0 476 429 476
346 27 783 27
600 337 600 680
950 34 950 550
580 551 580 730
728 922 728 924
415 820 820 820
852 387 852 568
33 792 33 989
294 336 294 437
9 480 750 480
757 385 980 385
0 329 0 799
768 60 800 60
240 360 356 360
4 1000 400 1000
875 125 875 201
120 213 120 520
240 360 764 360
161 152 608 152
128 256 128 827
680 150 680 680
490 150 750 150
468 624 700 624
165 660 231 660
950 467 950 775
200 900 200 958
333 555 333 588
918 353 918 486
666 111 666 553
710 714 710 994
762 154 814 154
930 128 930 248
100 800 192 800
416 182 416 884
326 638 522 638
23 200 500 200
476 621 598 621
720 270 958 270
355 142 355 481
315 385 536 385
249 166 457 166
518 222 847 222
51 817 215 817
151 518 333 518
720 660 720 981
0 0 0 259
576 928 873 928
532 138 897 138
594 891 917 891
598 162 598 207
935 501 935 990
416 884 712 884
820 164 870 164
280 140 737 140
0 400 181 400
240 440 240 602
0 276 210 276
152 66 561 66
840 280 994 280
986 0 986 863
142 639 142 821
664 606 664 830
840 134 840 680
111 550 968 550
174 426 284 426
546 672 830 672
600 0 600 660
903 757 903 819
731 189 731 989
330 0 893 0
994 597 994 923
209 288 936 288
60 1000 900 1000
912 76 912 182
160 20 537 20
437 83 437 276
165 852 994 852
630 113 630 360
496 217 836 217
456 228 456 907
434 379 434 868
792 660 818 660
351 744 837 744
360 320 360 506
183 830 664 830
280 935 715 935
104 806 402 806
21 462 21 975
220 55 220 550
300 375 684 375
126 46 322 46
732 312 884 312
558 0 558 434
658 72 658 517
744 376 744 527
440 920 450 920
165 726 257 726
411 550 575 550
221 875 350 875
988 15 988 228
836 494 836 920
806 62 806 310
483 161 876 161
397 700 725 700
142 0 142 921
768 700 950 700
175 380 175 595
528 418 528 477
88 198 88 866
400 700 400 713
216 702 300 702
220 770 626 770
176 110 176 655
113 203 957 203
349 1000 800 1000
490 996 830 996
113 972 702 972
836 461 836 836
710 426 710 869
79 100 580 100
21 0 664 0
0 809 0 990
0 248 674 248
999 723 999 945
777 85 777 666
550 308 823 308
0 456 0 620
456 720 456 921
456 72 456 511
520 600 520 820
400 108 400 750
0 930 314 930
770 420 770 832
0 727 0 756
816 0 816 456
910 0 910 764
750 815 750 1000
150 150 401 150
456 608 947 608
320 20 320 458
322 442 322 690
196 115 196 644
248 300 248 806
420 508 420 651
840 0 840 769
468 250 775 250
500 276 713 276
415 166 415 993
812 0 812 639
924 96 924 660
75 480 540 480
65 108 432 108
720 864 813 864
370 814 806 814
74 62 620 62
0 429 321 429
768 339 768 864
275 525 275 550
130 286 130 363
487 111 888 111
31 992 200 992
90 45 90 863
0 225 0 486
300 375 300 497
495 231 655 231
534 920 552 920
0 874 573 874
846 282 846 671
851 207 851 537
621 888 744 888
0 945 57 945
456 228 821 228
425 142 568 142
70 805 715 805
972 738 972 972
440 0 440 795
290 58 997 58
756 27 756 526
276 368 365 368
100 800 100 882
202 736 736 736
272 353 272 782
988 190 988 670
468 156 880 156
170 918 755 918
90 960 665 960
100 430 100 900
0 675 0 703
21 434 806 434
936 468 988 468
567 525 567 814
920 690 922 690
509 96 864 96
57 875 900 875
536 913 581 913
448 186 448 352
594 416 594 945
200 0 875 0
392 640 680 640
459 193 459 648
125 800 574 800
0 528 763 528
609 690 840 690
510 850 706 850
372 124 384 124
836 225 836 814
240 240 944 240
594 165 594 456
525 506 792 506
374 775 374 836
550 860 946 860
0 592 0 1000
419 874 836 874
205 41 436 41
220 275 409 275
104 650 104 936
888 0 888 482
141 94 141 428
0 299 0 930
12 426 284 426
294 294 515 294
20 420 792 420
850 612 850 753
282 125 750 125
723 800 900 800
506 92 506 707
960 240 960 764
945 512 945 840
220 740 220 889
984 456 984 843
902 66 968 66
375 297 375 875
556 275 875 275
162 378 162 729
479 87 754 87
744 432 744 465
0 130 0 400
800 507 800 720
480 60 480 670
580 522 910 522
672 156 672 992
286 880 286 892
609 290 609 945
162 2 162 486
895 315 945 315
375 81 375 1000
332 249 332 604
0 625 218 625
274 784 672 784
600 600 600 641
855 135 975 135
800 451 800 500
16 600 800 600
989 927 989 989
710 32 710 710
475 427 475 625
999 0 999 269
660 264 781 264
0 284 87 284
248 868 985 868
920 460 920 526
990 323 990 385
884 572 916 572
284 513 810 513
840 400 840 701
211 770 484 770
578 955 578 986
710 568 744 568
483 609 722 609
580 4 580 812
45 0 45 160
184 161 184 477
344 430 474 430
364 156 943 156
143 648 594 648
702 0 702 15
399 543 399 882
154 296 154 572
332 396 924 396
625 250 625 751
567 336 567 567
400 658 400 950
276 208 276 943
608 344 608 380
0 111 824 111
200 810 594 810
0 551 0 630
166 664 848 664
441 0 441 814
100 125 906 125
28 798 608 798
868 82 868 620
462 243 462 858
646 59 646 380
146 375 625 375
415 415 884 415
852 142 852 256
166 33 166 498
115 23 115 348
470 94 793 94
462 415 462 792
530 861 574 861
821 624 988 624
861 287 861 931
792 283 792 726
260 345 260 936
1000 400 1000 507
325 330 325 575
456 304 630 304
382 100 900 100
47 93 434 93
399 882 939 882
360 880 573 880
151 814 440 814
86 600 1000 600
168 266 304 266
390 330 390 579
924 462 924 465
450 60 450 180
480 400 480 500
588 24 588 567
115 897 771 897
578 248 744 248
20 328 20 400
110 375 875 375
489 136 680 136
481 740 481 812
588 0 588 690
664 750 725 750
0 80 0 852
54 675 351 675
312 426 312 754
700 99 700 250
259 444 366 444
200 191 200 500
46 253 46 741
237 132 594 132
66 22 893 22
240 72 962 72
344 129 344 214
756 498 756 700
58 522 346 522
0 284 656 284
160 240 160 978
180 160 579 160
858 129 858 660
0 503 0 875
465 704 792 704
777 683 777 888
131 738 451 738
172 138 253 138
660 693 660 882
775 674 775 900
60 600 97 600
726 726 726 732
130 323 130 338
378 296 378 819
30 840 597 840
393 142 852 142
646 608 646 772
98
809 787 887 910
